Time,Right Hand Signal,Head Signal,Strain Gauge Signal
1684300054.6004167,2217.6,4346.666666666667,61696.0
1684300054.650462,2269.866666666667,4461.866666666667,61809.066666666666
1684300054.7005484,2326.4,4539.733333333334,61633.066666666666
1684300054.7504528,2272.0,4525.866666666667,61648.0
1684300054.8004324,2328.5333333333333,4594.133333333333,61540.26666666667
1684300054.850467,2385.0666666666666,4588.8,61384.53333333333
1684300054.9005182,2331.733333333333,4576.0,61400.53333333333
1684300054.9504793,2277.3333333333335,4507.733333333334,61387.73333333333
1684300055.0006382,2276.266666666667,4445.866666666667,61370.666666666664
1684300055.0505016,2278.4,4445.866666666667,61353.6
1684300055.1013315,2282.6666666666665,4413.866666666667,61388.8
1684300055.150862,2229.3333333333335,4412.8,61380.26666666667
1684300055.2001784,2176.0,4467.2,61389.86666666667
1684300055.2497962,2173.866666666667,4478.933333333333,61385.6
1684300055.2996058,2174.9333333333334,4538.666666666667,61600.0
1684300055.3495376,2033.0666666666666,4586.666666666667,61612.8
1684300055.4004915,2033.0666666666666,4580.266666666666,61574.4
1684300055.4504852,1778.1333333333334,4531.2,61574.4
1684300055.5005238,1779.2,4612.266666666666,61438.933333333334
1684300055.5504577,1725.8666666666666,4605.866666666667,61486.933333333334
1684300055.6007457,1725.8666666666666,4617.6,61477.333333333336
1684300055.6505685,1726.9333333333334,4616.533333333334,61491.2
1684300055.7005646,1728.0,4496.0,61598.933333333334
1684300055.750475,1731.2,4443.733333333334,61625.6
1684300055.8004768,1728.0,4443.733333333334,61562.666666666664
1684300055.8504431,1730.1333333333334,4456.533333333334,61495.46666666667
1684300055.9005282,1518.9333333333334,4422.4,61651.2
1684300055.950463,1383.4666666666667,4370.133333333333,61714.13333333333
1684300056.0006866,1384.5333333333333,4356.266666666666,61689.6
1684300056.0504615,1384.5333333333333,4436.266666666666,61730.13333333333
1684300056.1005714,1382.4,4476.8,61700.26666666667
1684300056.1504676,1328.0,4496.0,61737.6
1684300056.2004874,1328.0,4490.666666666667,61770.666666666664
1684300056.2512615,1280.0,4533.333333333333,61879.46666666667
1684300056.3008258,1280.0,4525.866666666667,61824.0
1684300056.349528,1280.0,4525.866666666667,61584.0
1684300056.3994899,1281.0666666666666,4539.733333333334,61382.4
1684300056.4495866,1282.1333333333334,4533.333333333333,61401.6
1684300056.5005326,1322.6666666666667,4533.333333333333,61303.46666666667
1684300056.55049,1323.7333333333333,4586.666666666667,61474.13333333333
1684300056.6004324,1377.0666666666666,4707.2,61282.13333333333
1684300056.6504402,1377.0666666666666,4780.8,61188.26666666667
1684300056.700654,1378.1333333333334,4787.2,61224.53333333333
1684300056.7505198,1433.6,4846.933333333333,61038.933333333334
1684300056.8004723,1489.0666666666666,4784.0,61164.8
1684300056.8504727,1545.6,4785.066666666667,61233.066666666666
1684300056.9005153,1546.6666666666667,4846.933333333333,61253.333333333336
1684300056.9504795,1422.9333333333334,4779.733333333334,61236.26666666667
1684300057.0009837,1422.9333333333334,4785.066666666667,61235.2
1684300057.0508041,1477.3333333333333,4793.6,61236.26666666667
1684300057.100199,1424.0,4792.533333333334,61117.86666666667
1684300057.150136,1478.4,4853.333333333333,61110.4
1684300057.200494,1478.4,4834.133333333333,61048.53333333333
1684300057.2504714,1479.4666666666667,4834.133333333333,61070.933333333334
1684300057.3005254,1532.8,4839.466666666666,61097.6
1684300057.3504841,1530.6666666666667,4839.466666666666,61105.066666666666
1684300057.400442,1530.6666666666667,4715.733333333334,61091.2
1684300057.450437,1585.0666666666666,4821.333333333333,61126.4
1684300057.5005019,1533.8666666666666,4819.2,61147.73333333333
1684300057.5504413,1534.9333333333334,4787.2,61194.666666666664
1684300057.6004612,1533.8666666666666,4917.333333333333,61210.666666666664
1684300057.6504238,1480.5333333333333,4795.733333333334,61288.53333333333
1684300057.700504,1425.0666666666666,4743.466666666666,61462.4
1684300057.7504456,1424.0,4744.533333333334,61433.6
1684300057.8004653,1367.4666666666667,4716.8,61577.6
1684300057.850419,1315.2,4700.8,61699.2
1684300057.9004972,1312.0,4700.8,61630.933333333334
1684300057.9504418,1309.8666666666666,4715.733333333334,61643.73333333333
1684300058.0006697,1309.8666666666666,4859.733333333334,61660.8
1684300058.0504682,1307.7333333333333,4860.8,61608.53333333333
1684300058.1006567,1306.6666666666667,4906.666666666667,61646.933333333334
1684300058.1504915,1737.6,4906.666666666667,61623.46666666667
1684300058.2004473,2151.4666666666667,4840.533333333334,61639.46666666667
1684300058.2504556,2557.866666666667,4779.733333333334,61665.066666666666
1684300058.3005211,3031.4666666666667,4779.733333333334,61485.86666666667
1684300058.350487,3457.0666666666666,4790.4,61483.73333333333
1684300058.4004688,3882.6666666666665,4841.6,61529.6
1684300058.450671,4353.066666666667,4862.933333333333,61411.2
1684300058.5006514,4773.333333333333,4809.6,61493.333333333336
1684300058.5504844,5228.8,4855.466666666666,61272.53333333333
1684300058.6004395,5693.866666666667,4921.6,61123.2
1684300058.6504757,6168.533333333334,4917.333333333333,61075.2
1684300058.7005088,6604.8,4917.333333333333,61125.333333333336
1684300058.750468,7024.0,4883.2,61083.73333333333
1684300058.8004405,7416.533333333334,4871.466666666666,61114.666666666664
1684300058.8504436,7801.6,4825.6,61114.666666666664
1684300058.9004877,8136.533333333334,4813.866666666667,61097.6
1684300058.9504685,8517.333333333334,4812.8,61069.86666666667
1684300059.0006921,8908.8,4766.933333333333,61026.13333333333
1684300059.0504856,9234.133333333333,4691.2,61114.666666666664
1684300059.1005948,9613.866666666667,4657.066666666667,61058.13333333333
1684300059.150449,9995.733333333334,4657.066666666667,60974.933333333334
1684300059.2004616,10371.2,4654.933333333333,60920.53333333333
1684300059.2505548,10742.4,4667.733333333334,60846.933333333334
1684300059.3006084,11118.933333333332,4723.2,60791.46666666667
1684300059.3504581,11485.866666666667,4750.933333333333,60917.333333333336
1684300059.4006653,11854.933333333332,4701.866666666667,61018.666666666664
1684300059.450456,12224.0,4728.533333333334,60886.4
1684300059.5005438,12553.6,4775.466666666666,60844.8
1684300059.5504599,12921.6,4781.866666666667,60714.666666666664
1684300059.6004384,13237.333333333334,4712.533333333334,60712.53333333333
1684300059.6504285,13601.066666666668,4651.733333333334,60707.2
1684300059.7004743,13968.0,4772.266666666666,60560.0
1684300059.7504745,14282.666666666666,4754.133333333333,60588.8
1684300059.8004303,14595.2,4777.6,60435.2
1684300059.850426,14905.6,4774.4,60197.333333333336
1684300059.9004755,15267.2,4706.133333333333,59988.26666666667
1684300059.9504292,15635.2,4712.533333333334,59837.86666666667
1684300060.000652,15998.933333333332,4745.6,59577.6
1684300060.0504766,16308.266666666666,4757.333333333333,59368.53333333333
1684300060.1005623,16674.133333333335,4866.133333333333,59399.46666666667
1684300060.1507173,17038.933333333334,4900.266666666666,59190.4
1684300060.200513,17402.666666666668,4966.4,59028.26666666667
1684300060.2505007,17766.4,5006.933333333333,58712.53333333333
1684300060.3005047,18065.066666666666,4954.666666666667,58502.4
1684300060.350497,18421.333333333332,4986.666666666667,58149.333333333336
1684300060.4004402,18844.8,5027.2,57892.26666666667
1684300060.4504194,19209.6,4934.4,57536.0
1684300060.500493,19573.333333333332,4921.6,57271.46666666667
1684300060.5504427,19986.133333333335,4904.533333333334,56820.26666666667
1684300060.6004682,20395.733333333334,4769.066666666667,56574.933333333334
1684300060.6504297,20750.933333333334,4748.8,56349.86666666667
1684300060.7004967,21106.133333333335,4747.733333333334,56151.46666666667
1684300060.7504358,21469.866666666665,4732.8,55996.8
1684300060.8004405,21884.8,4812.8,55638.4
1684300060.8504164,22243.2,4820.266666666666,55448.53333333333
1684300060.9004853,22598.4,4805.333333333333,55286.4
1684300060.9504344,22955.733333333334,4788.266666666666,55054.933333333334
1684300061.0006764,23314.133333333335,4624.0,54776.53333333333
1684300061.0504518,23670.4,4609.066666666667,54640.0
1684300061.100504,24023.466666666667,4568.533333333334,54428.8
1684300061.1507022,23948.8,4569.6,54209.066666666666
1684300061.200889,23890.133333333335,5085.866666666667,54021.333333333336
1684300061.2501557,23846.4,5755.733333333334,53782.4
1684300061.3001604,23733.333333333332,6425.6,53763.2
1684300061.3504848,23722.666666666668,7027.2,53523.2
1684300061.4004598,23666.133333333335,7675.733333333334,53276.8
1684300061.4508648,23564.8,8330.666666666666,53194.666666666664
1684300061.500554,23566.933333333334,9178.666666666666,52840.53333333333
1684300061.550505,23480.533333333333,9960.533333333333,52827.73333333333
1684300061.6004484,23379.2,10725.333333333334,52827.73333333333
1684300061.6504428,23268.266666666666,11534.933333333332,52625.066666666666
1684300061.700495,23194.666666666668,12364.8,52419.2
1684300061.750449,23137.066666666666,13269.333333333334,52249.6
1684300061.800431,23102.933333333334,14023.466666666667,52007.46666666667
1684300061.8504517,23074.133333333335,14851.2,51795.2
1684300061.9004836,23045.333333333332,15642.666666666666,51544.53333333333
1684300061.9504738,23022.933333333334,16407.466666666667,51381.333333333336
1684300062.0008955,23042.133333333335,17082.666666666668,51220.26666666667
1684300062.0508316,23019.733333333334,17233.066666666666,51048.53333333333
1684300062.1002262,22993.066666666666,17166.933333333334,50892.8
1684300062.1501572,22963.2,17221.333333333332,50629.333333333336
1684300062.200458,22942.933333333334,17208.533333333333,50517.333333333336
1684300062.2505758,22917.333333333332,17228.8,50171.73333333333
1684300062.300512,22898.133333333335,17165.866666666665,50017.066666666666
1684300062.3504775,22881.066666666666,17241.6,49912.53333333333
1684300062.40046,22867.2,17303.466666666667,49702.4
1684300062.450421,23109.333333333332,17303.466666666667,49417.6
1684300062.5004933,23111.466666666667,17303.466666666667,49281.066666666666
1684300062.550436,23155.2,17269.333333333332,49021.86666666667
1684300062.6004555,23260.8,17290.666666666668,48732.8
1684300062.6504357,23307.733333333334,17228.8,48614.4
1684300062.7005095,23294.933333333334,17080.533333333333,48521.6
1684300062.7504406,23290.666666666668,17086.933333333334,48499.2
1684300062.8004534,23284.266666666666,17053.866666666665,48487.46666666667
1684300062.8504245,23278.933333333334,17041.066666666666,48491.73333333333
1684300062.9005027,23280.0,16980.266666666666,48512.0
1684300062.9504297,23276.8,16973.866666666665,48469.333333333336
1684300063.0007963,23275.733333333334,16913.066666666666,48564.26666666667
1684300063.0504754,23280.0,16913.066666666666,48542.933333333334
1684300063.100561,23275.733333333334,16782.933333333334,48512.0
1684300063.1504607,23272.533333333333,16714.666666666668,48475.73333333333
1684300063.2005663,23280.0,16668.8,48460.8
1684300063.2504487,23284.266666666666,16675.2,48561.066666666666
1684300063.3005016,23342.933333333334,16733.866666666665,48389.333333333336
1684300063.3504436,23353.6,16667.733333333334,48537.6
1684300063.4004674,23293.866666666665,16647.466666666667,48596.26666666667
1684300063.45067,23240.533333333333,16586.666666666668,48777.6
1684300063.5005984,23238.4,16586.666666666668,48794.666666666664
1684300063.5507948,23187.2,16523.733333333334,49036.8
1684300063.6004596,23141.333333333332,16516.266666666666,49064.53333333333
1684300063.650475,23148.8,16521.6,49095.46666666667
1684300063.700513,23156.266666666666,16534.4,49081.6
1684300063.7504797,23154.133333333335,16535.466666666667,49052.8
1684300063.8004317,23101.866666666665,16428.8,49206.4
1684300063.8504517,23158.4,16436.266666666666,49175.46666666667
1684300063.9004848,23165.866666666665,16430.933333333334,49129.6
1684300063.9504752,23171.2,16461.866666666665,49146.666666666664
1684300064.0007336,23230.933333333334,16451.2,49194.666666666664
1684300064.050495,23238.4,16532.266666666666,49127.46666666667
1684300064.100519,23246.933333333334,16486.4,49153.066666666666
1684300064.1504905,23253.333333333332,16713.6,49138.13333333333
1684300064.2004516,23259.733333333334,16302.933333333332,49146.666666666664
1684300064.25045,23260.8,15665.066666666668,49150.933333333334
1684300064.300493,23261.866666666665,14973.866666666667,49034.666666666664
1684300064.3508046,23209.6,14246.4,49052.8
1684300064.4007852,23201.066666666666,13531.733333333334,49070.933333333334
1684300064.4506168,23197.866666666665,12771.2,49036.8
1684300064.5001936,23139.2,11915.733333333334,49223.46666666667
1684300064.5500565,23244.8,11066.666666666666,49202.13333333333
1684300064.6004293,23243.733333333334,10224.0,49184.0
1684300064.6507864,23235.2,9392.0,49175.46666666667
1684300064.7001498,23227.733333333334,8596.266666666666,49112.53333333333
1684300064.7500513,23268.266666666666,7765.333333333333,49124.26666666667
1684300064.8001437,23258.666666666668,6994.133333333333,49020.8
1684300064.8504517,23243.733333333334,6279.466666666666,49120.0
1684300064.9005342,23236.266666666666,5460.266666666666,49178.666666666664
1684300064.9504442,23230.933333333334,4729.6,49184.0
1684300065.0007634,23229.866666666665,4034.133333333333,49174.4
1684300065.0504549,23227.733333333334,3868.8,49217.066666666666
1684300065.1005769,23224.533333333333,4230.4,49209.6
1684300065.1507254,23282.133333333335,4851.2,49125.333333333336
1684300065.200679,23289.6,5542.4,49032.53333333333
1684300065.2501574,23356.8,6262.4,49226.666666666664
1684300065.3002205,23367.466666666667,6908.8,49309.86666666667
1684300065.3510363,23388.8,7597.866666666667,49285.333333333336
1684300065.4012394,23409.066666666666,8362.666666666666,49404.8
1684300065.4486392,23164.8,9197.866666666667,49393.066666666666
1684300065.4985104,23160.533333333333,10117.333333333334,49480.53333333333
1684300065.548423,23115.733333333334,11025.066666666668,49768.53333333333
1684300065.5983849,23005.866666666665,11776.0,50005.333333333336
1684300065.6483757,22957.866666666665,12699.733333333334,50098.13333333333
1684300065.6984296,22963.2,13485.866666666667,49946.666666666664
1684300065.7483935,22956.8,14172.8,49949.86666666667
1684300065.7983727,22950.4,14891.733333333334,49926.4
1684300065.8483717,22941.866666666665,15502.933333333332,49878.4
1684300065.8984199,22926.933333333334,15674.666666666666,49654.4
1684300065.9483855,22913.066666666666,15667.2,49480.53333333333
1684300065.9985676,22900.266666666666,15714.133333333333,49380.26666666667
1684300066.0483956,22890.666666666668,15714.133333333333,49371.73333333333
1684300066.0984533,22878.933333333334,15714.133333333333,49376.0
1684300066.1504705,22819.2,15660.8,49462.4
1684300066.20043,22801.066666666666,15661.866666666667,49499.73333333333
1684300066.2504587,22791.466666666667,15601.066666666668,49462.4
1684300066.3004773,22862.933333333334,15636.266666666666,49565.86666666667
1684300066.3504767,22963.2,15687.466666666667,49323.73333333333
1684300066.4012582,22949.333333333332,15701.333333333334,49328.0
1684300066.4513288,22934.4,15738.666666666666,49313.066666666666
1684300066.5000591,22923.733333333334,15804.8,49321.6
1684300066.549808,22917.333333333332,15831.466666666667,49139.2
1684300066.600113,22966.4,15869.866666666667,49154.13333333333
1684300066.6501286,23017.6,16173.866666666667,49223.46666666667
1684300066.700546,23011.2,16146.133333333333,49241.6
1684300066.7504675,23011.2,16152.533333333333,49273.6
1684300066.8004577,23011.2,16109.866666666667,49296.0
1684300066.8504658,22953.6,16108.8,49378.13333333333
1684300066.9005084,22961.066666666666,16107.733333333334,49476.26666666667
1684300066.95048,22968.533333333333,16107.733333333334,49485.86666666667
1684300067.001044,22918.4,16104.533333333333,49523.2
1684300067.0508392,22922.666666666668,16069.333333333334,49578.666666666664
1684300067.1002018,22926.933333333334,16077.866666666667,49569.066666666666
1684300067.1500626,22926.933333333334,15835.733333333334,49529.6
1684300067.2001514,22931.2,15683.2,49516.8
1684300067.2504501,22935.466666666667,15624.533333333333,49542.4
1684300067.3005617,22939.733333333334,15638.4,49693.86666666667
1684300067.3504674,22945.066666666666,15658.666666666666,49723.73333333333
1684300067.4004629,22954.666666666668,15666.133333333333,49739.73333333333
1684300067.450425,22956.8,15654.4,49758.933333333334
1684300067.500511,22964.266666666666,15648.0,49811.2
1684300067.5507,22866.133333333335,15648.0,49828.26666666667
1684300067.6008883,22878.933333333334,15618.133333333333,49828.26666666667
1684300067.6502163,22899.2,15618.133333333333,49852.8
1684300067.7002406,22918.4,15582.933333333332,49958.4
1684300067.7504802,22947.2,15597.866666666667,49796.26666666667
1684300067.8004467,22979.2,15607.466666666667,50045.86666666667
1684300067.8507814,23012.266666666666,15659.733333333334,50005.333333333336
1684300067.9006448,23026.133333333335,15673.6,50229.333333333336
1684300067.9500628,23010.133333333335,15680.0,50470.4
1684300068.0002882,22953.6,15693.866666666667,50485.333333333336
1684300068.0504773,22598.4,15701.333333333334,50681.6
1684300068.1005595,22248.533333333333,15392.0,50933.333333333336
1684300068.150449,21837.866666666665,14709.333333333334,51382.4
1684300068.200812,21527.466666666667,14073.6,51644.8
1684300068.2507727,21110.4,13261.866666666667,51814.4
1684300068.3006153,20797.866666666665,12616.533333333333,52032.0
1684300068.3501053,20426.666666666668,11801.6,52229.333333333336
1684300068.4001162,20153.6,10989.866666666667,52413.86666666667
1684300068.4506493,19789.866666666665,10113.066666666668,52856.53333333333
1684300068.5007713,19422.933333333334,9206.4,52898.13333333333
1684300068.5506513,19056.0,8266.666666666666,53059.2
1684300068.6000476,18747.733333333334,7649.066666666667,53253.333333333336
1684300068.6500738,18437.333333333332,6814.933333333333,53399.46666666667
1684300068.7006338,18076.8,6036.266666666666,53768.53333333333
1684300068.7504904,17719.466666666667,5321.6,53992.53333333333
1684300068.8004217,17366.4,4602.666666666667,54220.8
1684300068.8504136,17021.866666666665,4045.866666666667,54502.4
1684300068.900485,16673.066666666666,3882.6666666666665,54889.6
1684300068.9504476,16323.2,3888.0,55326.933333333334
1684300069.0007498,15973.333333333334,3927.4666666666667,55643.73333333333
1684300069.0507083,15616.0,3927.4666666666667,55847.46666666667
1684300069.100214,15266.133333333333,3968.0,56062.933333333334
1684300069.1501417,14909.866666666667,3974.4,56203.73333333333
1684300069.2004466,14556.8,3973.3333333333335,56393.6
1684300069.2504442,14198.4,3986.133333333333,56691.2
1684300069.3007789,13712.0,3932.8,57006.933333333334
1684300069.3505218,13244.8,3895.4666666666667,57441.066666666666
1684300069.4006088,12894.933333333332,3869.866666666667,57671.46666666667
1684300069.4504564,12544.0,3873.0666666666666,57909.333333333336
1684300069.5005012,12193.066666666668,3833.6,58105.6
1684300069.550418,11840.0,3847.4666666666667,58462.933333333334
1684300069.6004584,11427.2,3809.0666666666666,58622.933333333334
1684300069.6504016,11012.266666666666,3531.733333333333,58779.73333333333
1684300069.7005115,10658.133333333333,3559.4666666666667,59006.933333333334
1684300069.7504163,10296.533333333333,3645.866666666667,59166.933333333334
1684300069.8004339,9933.866666666667,3682.133333333333,59348.26666666667
1684300069.850402,9573.333333333334,3744.0,59540.26666666667
1684300069.9004953,9203.2,3825.0666666666666,59718.4
1684300069.9504356,8833.066666666668,3830.4,59972.26666666667
1684300070.000641,8520.533333333333,3873.0666666666666,60131.2
1684300070.0504267,8153.6,3827.2,60293.333333333336
1684300070.100536,7841.066666666667,3880.5333333333333,60451.2
1684300070.1506429,7531.733333333334,3954.133333333333,60557.86666666667
1684300070.200576,7168.0,3962.6666666666665,60780.8
1684300070.2504427,6802.133333333333,3969.0666666666666,60949.333333333336
1684300070.3005404,6443.733333333334,3901.866666666667,61138.13333333333
1684300070.3512006,6074.666666666667,3984.0,61282.13333333333
1684300070.40137,5704.533333333334,3989.3333333333335,61493.333333333336
1684300070.4486368,5336.533333333334,4027.733333333333,61634.13333333333
1684300070.498496,4965.333333333333,4033.0666666666666,61741.86666666667
1684300070.548401,4588.8,4101.333333333333,61997.86666666667
1684300070.5983708,4214.4,4150.4,62190.933333333334
1684300070.648365,3838.9333333333334,4162.133333333333,62368.0
1684300070.6984346,3464.5333333333333,4170.666666666667,62519.46666666667
1684300070.7483847,3083.733333333333,4101.333333333333,62854.4
1684300070.7983623,2702.9333333333334,4227.2,62942.933333333334
1684300070.8483608,2328.5333333333333,4055.4666666666667,62942.933333333334
1684300070.8984108,2022.4,4075.733333333333,62909.86666666667
1684300070.9483728,1685.3333333333333,4077.866666666667,62882.13333333333
1684300070.9985182,1336.5333333333333,4084.266666666667,63075.2
1684300071.0484793,1393.0666666666666,4084.266666666667,63019.73333333333
1684300071.098592,1394.1333333333334,4025.6,62930.13333333333
1684300071.1505373,1394.1333333333334,4019.2,62871.46666666667
1684300071.2007005,1341.8666666666666,4017.0666666666666,62822.4
1684300071.2505362,1396.2666666666667,4109.866666666667,62679.46666666667
1684300071.30054,1340.8,4108.8,62644.26666666667
1684300071.3504403,1340.8,4152.533333333334,62624.0
1684300071.4004214,1237.3333333333333,4146.133333333333,62620.8
1684300071.4513144,1234.1333333333334,4213.333333333333,62619.73333333333
1684300071.5006993,1234.1333333333334,4213.333333333333,62640.0
1684300071.54953,1234.1333333333334,4199.466666666666,62459.73333333333
1684300071.5994546,1178.6666666666667,3991.4666666666667,62454.4
1684300071.649562,1126.4,3931.733333333333,62283.73333333333
1684300071.700516,1125.3333333333333,3952.0,62320.0
1684300071.7504644,1125.3333333333333,3907.2,62320.0
1684300071.8004222,1177.6,3980.8,62273.066666666666
1684300071.850432,1170.1333333333334,3933.866666666667,62273.066666666666
1684300071.9004703,1170.1333333333334,3991.4666666666667,62304.0
1684300071.9504476,1170.1333333333334,4044.8,62285.86666666667
1684300072.0006418,1172.2666666666667,4012.8,62286.933333333334
1684300072.0507429,1172.2666666666667,4012.8,62311.46666666667
1684300072.1005936,1175.4666666666667,4094.9333333333334,62296.53333333333
1684300072.15051,1227.7333333333333,4130.133333333333,62327.46666666667
1684300072.2004352,1283.2,4130.133333333333,62302.933333333334
1684300072.2504482,1283.2,4210.133333333333,62240.0
1684300072.3004718,1284.2666666666667,4203.733333333334,62206.933333333334
1684300072.350456,1336.5333333333333,4317.866666666667,61997.86666666667
1684300072.4005113,1337.6,4311.466666666666,61989.333333333336
1684300072.4504576,1338.6666666666667,4299.733333333334,61938.13333333333
1684300072.5005789,1341.8666666666666,4265.6,61966.933333333334
1684300072.5504744,1338.6666666666667,4259.2,62001.066666666666
1684300072.600428,1655.4666666666667,4258.133333333333,62059.73333333333
1684300072.6504295,2005.3333333333333,4231.466666666666,62076.8
1684300072.7004738,2359.4666666666667,4231.466666666666,62052.26666666667
1684300072.7504387,2715.733333333333,4185.6,62065.066666666666
1684300072.8004208,3092.266666666667,4199.466666666666,62067.2
1684300072.8504422,3479.4666666666667,4137.6,62017.066666666666
1684300072.900471,3894.4,4144.0,61970.13333333333
1684300072.9504182,4299.733333333334,4151.466666666666,61958.4
1684300073.0006697,4637.866666666667,4190.933333333333,61931.73333333333
1684300073.050445,5083.733333333334,4328.533333333334,61772.8
1684300073.1005034,5433.6,4274.133333333333,61765.333333333336
1684300073.1504683,5808.0,4253.866666666667,61971.2
1684300073.2004929,6229.333333333333,4247.466666666666,61906.13333333333
1684300073.2504122,6626.133333333333,4256.0,61863.46666666667
1684300073.3004987,6997.333333333333,4250.666666666667,61828.26666666667
1684300073.350409,7372.8,4183.466666666666,61825.066666666666
1684300073.4005837,7745.066666666667,4184.533333333334,61755.73333333333
1684300073.450626,8108.8,4353.066666666667,61747.2
1684300073.500598,8472.533333333333,4477.866666666667,61768.53333333333
1684300073.550484,8835.2,4450.133333333333,61646.933333333334
1684300073.6004565,9206.4,4436.266666666666,61591.46666666667
1684300073.6504066,9580.8,4430.933333333333,61540.26666666667
1684300073.7005064,9955.2,4430.933333333333,61515.73333333333
1684300073.7504191,10333.866666666667,4484.266666666666,61308.8
1684300073.8004265,10709.333333333334,4398.933333333333,61203.2
1684300073.8504198,11077.333333333334,4451.2,61372.8
1684300073.900476,11482.666666666666,4569.6,61174.4
1684300073.9507425,11845.333333333334,4541.866666666667,61128.53333333333
1684300074.0007806,12202.666666666666,4561.066666666667,60984.53333333333
1684300074.0501282,12512.0,4601.6,60902.4
1684300074.100189,12934.4,4707.2,60903.46666666667
1684300074.1504714,13301.333333333334,4768.0,60793.6
1684300074.200446,13664.0,4762.666666666667,60673.066666666666
1684300074.25068,13972.266666666666,4736.0,60657.066666666666
1684300074.300505,14334.933333333332,4734.933333333333,60538.666666666664
1684300074.3504322,14697.6,4734.933333333333,60400.0
1684300074.4006867,15059.2,4722.133333333333,60265.6
1684300074.4504619,15475.2,4716.8,59844.26666666667
1684300074.5004847,15831.466666666667,4658.133333333333,59774.933333333334
1684300074.5504255,16186.666666666666,4644.266666666666,59724.8
1684300074.6004198,16541.866666666665,4644.266666666666,59547.73333333333
1684300074.6504238,16897.066666666666,4622.933333333333,59521.066666666666
1684300074.7004728,17255.466666666667,4654.933333333333,59287.46666666667
1684300074.750437,17619.2,4678.4,59092.26666666667
1684300074.8004086,17927.466666666667,4589.866666666667,58948.26666666667
1684300074.8504372,18289.066666666666,4568.533333333334,58684.8
1684300074.9004889,18659.2,4497.066666666667,58397.86666666667
1684300074.9504538,19021.866666666665,4424.533333333334,58182.4
1684300075.0006642,19382.4,4371.2,57960.53333333333
1684300075.0504837,19744.0,4358.4,57705.6
1684300075.100586,20097.066666666666,4243.2,57469.86666666667
1684300075.1507254,20403.2,4228.266666666666,57306.666666666664
1684300075.2004998,20704.0,4215.466666666666,57083.73333333333
1684300075.250457,21060.266666666666,4144.0,56907.73333333333
1684300075.3004808,21417.6,4130.133333333333,56651.73333333333
1684300075.3504734,21722.666666666668,4062.9333333333334,56634.666666666664
1684300075.4004157,22080.0,4062.9333333333334,56421.333333333336
1684300075.4504373,22438.4,4049.0666666666666,56192.0
1684300075.500476,22786.133333333335,4135.466666666666,55959.46666666667
1684300075.5504484,23143.466666666667,4121.6,55705.6
1684300075.6004128,23185.066666666666,4344.533333333334,55459.2
1684300075.6503992,23195.733333333334,4870.4,55210.666666666664
1684300075.7004664,23250.133333333335,5462.4,54801.066666666666
1684300075.75041,23250.133333333335,6048.0,54602.666666666664
1684300075.8004222,23229.866666666665,6667.733333333334,54395.73333333333
1684300075.8503911,23255.466666666667,7497.6,54144.0
1684300075.9004762,23271.466666666667,8285.866666666667,53934.933333333334
1684300075.95043,23276.8,9222.4,53736.53333333333
1684300076.0007744,23238.4,10135.466666666667,53518.933333333334
1684300076.0506628,23147.733333333334,10997.333333333334,53526.4
1684300076.100657,23097.6,11901.866666666667,53338.666666666664
1684300076.1504498,23028.266666666666,12565.333333333334,53162.666666666664
1684300076.200446,22957.866666666665,13154.133333333333,53011.2
1684300076.2504182,22909.866666666665,13781.333333333334,52672.0
1684300076.3005,22877.866666666665,14333.866666666667,52514.13333333333
1684300076.3504245,22852.266666666666,14857.6,52368.0
1684300076.4005232,22884.266666666666,15385.6,52073.6
1684300076.4504426,22871.466666666667,15202.133333333333,51883.73333333333
1684300076.5005028,22857.6,15137.066666666668,51763.2
1684300076.5504344,22845.866666666665,15102.933333333332,51649.066666666666
1684300076.6004055,22822.4,15089.066666666668,51568.0
1684300076.650411,22798.933333333334,15116.8,51470.933333333334
1684300076.7004628,22780.8,15111.466666666667,51248.0
1684300076.7504303,22705.066666666666,15045.333333333334,51261.86666666667
1684300076.8003938,22739.2,15058.133333333333,51003.73333333333
1684300076.8504329,22728.533333333333,15012.266666666666,50832.0
1684300076.9004548,22622.933333333334,14906.666666666666,50801.066666666666
1684300076.950823,22619.733333333334,14953.6,50681.6
1684300077.000316,22614.4,14913.066666666668,50613.333333333336
1684300077.050367,22598.4,14905.6,50545.066666666666
1684300077.1002285,22538.666666666668,14820.266666666666,50416.0
1684300077.150165,22529.066666666666,14825.6,50344.53333333333
1684300077.2004626,22530.133333333335,14785.066666666668,50300.8
1684300077.250504,22531.2,14724.266666666666,50317.86666666667
1684300077.3007414,22532.266666666666,14798.933333333332,50050.13333333333
1684300077.3504958,22533.333333333332,14750.933333333332,50035.2
1684300077.4004264,22534.4,14750.933333333332,49953.066666666666
1684300077.4504142,22488.533333333333,14661.333333333334,50141.86666666667
1684300077.5005074,22557.866666666665,14660.266666666666,50138.666666666664
1684300077.5504425,22572.8,14661.333333333334,50088.53333333333
1684300077.6004393,22587.733333333334,14662.4,50057.6
1684300077.6504118,22602.666666666668,14724.266666666666,50065.066666666666
1684300077.7004728,22613.333333333332,14698.666666666666,50086.4
1684300077.750435,22618.666666666668,14806.4,50099.2
1684300077.800417,22628.266666666666,14806.4,50094.933333333334
1684300077.8504028,22635.733333333334,14886.4,50135.46666666667
1684300077.9004877,22636.8,14931.2,49962.666666666664
1684300077.9512265,22643.2,14984.533333333333,49953.066666666666
1684300078.0014477,22658.133333333335,15050.666666666666,49957.333333333336
1684300078.0486267,22660.266666666666,15057.066666666668,49991.46666666667
1684300078.0984826,22672.0,15038.933333333332,49982.933333333334
1684300078.1484237,22923.733333333334,15035.733333333334,49926.4
1684300078.1983793,22930.133333333335,15110.4,50029.86666666667
1684300078.2483697,22942.933333333334,15072.0,50030.933333333334
1684300078.2983575,22952.533333333333,15076.266666666666,50044.8
1684300078.3484213,22964.266666666666,15031.466666666667,50114.13333333333
1684300078.3983946,22974.933333333334,15031.466666666667,50087.46666666667
1684300078.4485168,22986.666666666668,15030.4,50126.933333333334
1684300078.4984128,23004.8,15004.8,50195.2
1684300078.5484447,23024.0,14998.4,50209.066666666666
1684300078.5985746,23090.133333333335,14822.4,50267.73333333333
1684300078.6485798,23172.266666666666,14372.266666666666,50442.666666666664
1684300078.6984196,23172.266666666666,13772.8,50803.2
1684300078.750549,23160.533333333333,13154.133333333333,50964.26666666667
1684300078.8004367,23128.533333333333,12516.266666666666,51170.13333333333
1684300078.8504074,23025.066666666666,11699.2,51472.0
1684300078.9007401,22595.2,10816.0,51687.46666666667
1684300078.950488,22184.533333333333,9866.666666666666,51870.933333333334
1684300079.0006328,21829.333333333332,8861.866666666667,52080.0
1684300079.0511975,21473.066666666666,7883.733333333334,52253.86666666667
1684300079.099989,21116.8,6971.733333333334,52469.333333333336
1684300079.1498587,20761.6,6349.866666666667,52684.8
1684300079.200053,20406.4,5766.4,52899.2
1684300079.2500803,20054.4,5164.8,53273.6
1684300079.3005168,19705.6,4645.333333333333,53474.13333333333
1684300079.3505056,19355.733333333334,4114.133333333333,53619.2
1684300079.4005983,18950.4,3592.5333333333333,54005.333333333336
1684300079.4504611,18599.466666666667,3593.6,54199.46666666667
1684300079.50047,18248.533333333333,3601.0666666666666,54338.13333333333
1684300079.5504985,17897.6,3609.6,54521.6
1684300079.6004138,17548.8,3676.8,54673.066666666666
1684300079.650423,17196.8,3721.6,54877.86666666667
1684300079.7004228,16839.466666666667,3886.9333333333334,55124.26666666667
1684300079.7508802,16485.333333333332,3914.6666666666665,55376.0
1684300079.8003132,16074.666666666666,3841.0666666666666,55729.066666666666
1684300079.850086,15717.333333333334,3894.4,55964.8
1684300079.9005117,15417.6,3861.3333333333335,56178.13333333333
1684300079.9505448,15061.333333333334,3801.6,56361.6
1684300080.000649,14704.0,3815.4666666666667,56565.333333333336
1684300080.0506644,14353.066666666668,3843.2,56604.8
1684300080.1009912,13989.333333333334,3854.9333333333334,56849.066666666666
1684300080.150701,13632.0,3809.0666666666666,57030.4
1684300080.200489,13268.266666666666,3829.3333333333335,57227.73333333333
1684300080.250473,12903.466666666667,3835.733333333333,57432.53333333333
1684300080.3004916,12589.866666666667,3876.266666666667,57804.8
1684300080.350536,12226.133333333333,3917.866666666667,58003.2
1684300080.400457,11863.466666666667,4010.6666666666665,58218.666666666664
1684300080.4506686,11546.666666666666,4046.9333333333334,58392.53333333333
1684300080.5012035,11120.0,4046.9333333333334,58375.46666666667
1684300080.5505316,10748.8,4112.0,58645.333333333336
1684300080.6004703,10377.6,4104.533333333334,58845.86666666667
1684300080.6504169,10006.4,4057.6,58999.46666666667
1684300080.700497,9691.733333333334,4017.0666666666666,59154.13333333333
1684300080.750731,9376.0,3984.0,59098.666666666664
1684300080.800425,9002.666666666666,3990.4,59308.8
1684300080.8504438,8633.6,3952.0,59469.86666666667
1684300080.9004257,8262.4,3907.2,59861.333333333336
1684300080.9505827,7893.333333333333,3881.6,60062.933333333334
1684300081.0006652,7516.8,3847.4666666666667,60296.53333333333
1684300081.0504827,7152.0,3853.866666666667,60497.066666666666
1684300081.1004536,6784.0,3892.266666666667,60674.13333333333
1684300081.1506214,6226.133333333333,3955.2,60727.46666666667
1684300081.2004628,5863.466666666666,3960.5333333333333,60846.933333333334
1684300081.2504246,5495.466666666666,3998.9333333333334,61051.73333333333
1684300081.3004062,5127.466666666666,4081.0666666666666,61259.73333333333
1684300081.350581,4758.4,4080.0,61405.86666666667
1684300081.4004216,4442.666666666667,4081.0666666666666,61424.0
1684300081.4504757,4071.4666666666667,4135.466666666666,61659.73333333333
1684300081.5004172,3702.4,4266.666666666667,61863.46666666667
1684300081.5505638,3325.866666666667,4279.466666666666,62029.86666666667
1684300081.6004243,2905.6,4261.333333333333,62202.666666666664
1684300081.6503992,2464.0,4265.6,62180.26666666667
1684300081.7004266,2108.8,4403.2,62100.26666666667
1684300081.7505436,1767.4666666666667,4429.866666666667,62153.6
1684300081.8004758,1443.2,4427.733333333334,62187.73333333333
1684300081.8503976,1189.3333333333333,4465.066666666667,61958.4
1684300081.9004245,1212.8,4507.733333333334,61963.73333333333
1684300081.950625,1212.8,4505.6,61981.86666666667
1684300082.000912,1212.8,4536.533333333334,61981.86666666667
1684300082.0506818,1212.8,4529.066666666667,61987.2
1684300082.100546,1267.2,4609.066666666667,62005.333333333336
1684300082.1505957,1264.0,4529.066666666667,61973.333333333336
1684300082.2004666,1264.0,4521.6,61943.46666666667
1684300082.250416,1265.0666666666666,4474.666666666667,61964.8
1684300082.300401,1266.1333333333334,4467.2,61960.53333333333
1684300082.3505526,1267.2,4459.733333333334,62027.73333333333
1684300082.400423,1268.2666666666667,4434.133333333333,62038.4
1684300082.450434,1268.2666666666667,4445.866666666667,62029.86666666667
1684300082.5003998,1269.3333333333333,4407.466666666666,62057.6
1684300082.55055,1269.3333333333333,4481.066666666667,62089.6
1684300082.6004145,1269.3333333333333,4419.2,62080.0
1684300082.6504297,1322.6666666666667,4402.133333333333,62014.933333333334
1684300082.7004075,1323.7333333333333,4235.733333333334,61984.0
1684300082.75055,1321.6,4294.4,61949.86666666667
1684300082.8004155,1377.0666666666666,4381.866666666667,61835.73333333333
1684300082.8503919,1376.0,4321.066666666667,61781.333333333336
1684300082.9004004,1319.4666666666667,4385.066666666667,61819.73333333333
1684300082.951307,1316.2666666666667,4385.066666666667,61777.066666666666
1684300083.0000958,1317.3333333333333,4392.533333333334,61816.53333333333
1684300083.0497596,1318.4,4378.666666666667,61973.333333333336
1684300083.099209,1318.4,4366.933333333333,61901.86666666667
1684300083.1492102,1318.4,4353.066666666667,61900.8
1684300083.2005005,1321.6,4346.666666666667,61895.46666666667
1684300083.2504723,1322.6666666666667,4346.666666666667,61879.46666666667
1684300083.300433,1272.5333333333333,4232.533333333334,61878.4
1684300083.3505485,1276.8,4232.533333333334,61746.13333333333
1684300083.4004943,1276.8,4241.066666666667,61752.53333333333
1684300083.4506555,1275.7333333333333,4254.933333333333,61786.666666666664
1684300083.500522,1387.7333333333333,4288.0,61755.73333333333
1684300083.5506399,1388.8,4295.466666666666,61699.2
1684300083.6004803,1445.3333333333333,4392.533333333334,61555.2
1684300083.6504118,1501.8666666666666,4491.733333333334,61430.4
1684300083.7004232,1504.0,4515.2,61283.2
1684300083.7505455,1453.8666666666666,4440.533333333334,61476.26666666667
1684300083.8004458,1454.9333333333334,4494.933333333333,61456.0
1684300083.8504093,1458.1333333333334,4484.266666666666,61462.4
1684300083.9004328,1510.4,4531.2,61527.46666666667
1684300083.950713,1574.4,4577.066666666667,61350.4
1684300084.0007699,1573.3333333333333,4558.933333333333,61281.066666666666
1684300084.0507872,1574.4,4558.933333333333,61290.666666666664
1684300084.1004279,1574.4,4552.533333333334,61333.333333333336
1684300084.1496146,1522.1333333333334,4614.4,61468.8
1684300084.1995733,1523.2,4539.733333333334,61479.46666666667
1684300084.2504544,1522.1333333333334,4546.133333333333,61491.2
1684300084.3004084,1522.1333333333334,4471.466666666666,61502.933333333334
1684300084.3505185,1522.1333333333334,4544.0,61472.0
1684300084.400676,1468.8,4541.866666666667,61655.46666666667
1684300084.4504738,1470.9333333333334,4526.933333333333,61635.2
1684300084.5004213,1470.9333333333334,4369.066666666667,61585.066666666666
1684300084.5505748,1470.9333333333334,4416.0,61607.46666666667
1684300084.6004393,1520.0,4396.8,61568.0
1684300084.650434,1520.0,4330.666666666667,61594.666666666664
1684300084.7004163,1464.5333333333333,4259.2,61765.333333333336
1684300084.7506008,1463.4666666666667,4231.466666666666,61774.933333333334
1684300084.800447,1463.4666666666667,4259.2,61720.53333333333
1684300084.8504295,1408.0,4194.133333333333,61932.8
1684300084.9003963,1382.4,4333.866666666667,61953.066666666666
1684300084.9505424,1382.4,4328.533333333334,61929.6
1684300085.0006258,1382.4,4381.866666666667,61837.86666666667
1684300085.05044,1382.4,4375.466666666666,61851.73333333333
1684300085.1004581,1329.0666666666666,4310.4,61800.53333333333
1684300085.1506882,1385.6,4324.266666666666,61818.666666666664
1684300085.2004929,1385.6,4377.6,61854.933333333334
1684300085.2504191,1387.7333333333333,4412.8,61863.46666666667
1684300085.30045,1437.8666666666666,4458.666666666667,61813.333333333336
1684300085.3505511,1437.8666666666666,4515.2,61719.46666666667
1684300085.400464,1493.3333333333333,4599.466666666666,61521.066666666666
1684300085.4506264,1494.4,4585.6,61592.53333333333
1684300085.5004537,1549.8666666666666,4567.466666666666,61524.26666666667
1684300085.5505757,1549.8666666666666,4492.8,61497.6
1684300085.6004758,1605.3333333333333,4618.666666666667,61484.8
1684300085.650401,1608.5333333333333,4570.666666666667,61515.73333333333
1684300085.7004013,1610.6666666666667,4578.133333333333,61539.2
1684300085.750533,1610.6666666666667,4566.4,61543.46666666667
1684300085.8004644,1556.2666666666667,4500.266666666666,61707.73333333333
1684300085.8504133,1560.5333333333333,4500.266666666666,61765.333333333336
1684300085.9004245,1560.5333333333333,4407.466666666666,61792.0
1684300085.9506953,1560.5333333333333,4406.4,61779.2
1684300086.0006723,1563.7333333333333,4385.066666666667,61750.4
1684300086.0504448,1563.7333333333333,4352.0,61750.4
1684300086.100456,1564.8,4349.866666666667,61798.4
1684300086.1505556,1618.1333333333334,4395.733333333334,61794.13333333333
1684300086.200431,1614.9333333333334,4388.266666666666,61760.0
1684300086.2504525,1616.0,4448.0,61776.0
1684300086.3003879,1616.0,4461.866666666667,61773.86666666667
1684300086.3505962,1611.7333333333333,4448.0,61889.066666666666
1684300086.4004297,1610.6666666666667,4360.533333333334,61867.73333333333
1684300086.4504342,1558.4,4339.2,61826.13333333333
1684300086.5006416,1447.4666666666667,4373.333333333333,62017.066666666666
1684300086.5506496,1448.5333333333333,4320.0,62055.46666666667
1684300086.6004398,1392.0,4230.4,62216.53333333333
1684300086.6504316,1336.5333333333333,4103.466666666666,62325.333333333336
1684300086.700395,1334.4,4162.133333333333,62360.53333333333
1684300086.7506504,1331.2,4216.533333333334,62405.333333333336
1684300086.8004258,1332.2666666666667,4170.666666666667,62423.46666666667
1684300086.8504503,1329.0666666666666,4187.733333333334,62404.26666666667
1684300086.900394,1276.8,4194.133333333333,62387.2
1684300086.9505572,1212.8,4214.4,62597.333333333336
1684300087.0006504,1324.8,4214.4,62599.46666666667
1684300087.0507295,1378.1333333333334,4268.8,62620.8
1684300087.1006823,1379.2,4261.333333333333,62587.73333333333
1684300087.150613,1434.6666666666667,4273.066666666667,62533.333333333336
1684300087.200437,1433.6,4346.666666666667,62500.26666666667
1684300087.250422,1488.0,4387.2,62298.666666666664
1684300087.3003962,1544.5333333333333,4454.4,62285.86666666667
1684300087.3507295,1544.5333333333333,4388.266666666666,62346.666666666664
1684300087.400447,1656.5333333333333,4455.466666666666,62116.26666666667
1684300087.450395,1707.7333333333333,4408.533333333334,62024.53333333333
1684300087.5004272,1710.9333333333334,4402.133333333333,62074.666666666664
1684300087.550548,1710.9333333333334,4355.2,62058.666666666664
1684300087.6005595,1657.6,4368.0,62096.0
1684300087.6504161,1662.9333333333334,4366.933333333333,62142.933333333334
1684300087.7004378,1664.0,4340.266666666666,62132.26666666667
1684300087.7506168,1661.8666666666666,4360.533333333334,62080.0
1684300087.8004694,1661.8666666666666,4387.2,62104.53333333333
1684300087.8504183,1661.8666666666666,4416.0,62105.6
1684300087.900403,1662.9333333333334,4253.866666666667,62120.53333333333
1684300087.9505246,1666.1333333333334,4339.2,62149.333333333336
1684300088.0006747,1666.1333333333334,4341.333333333333,62235.73333333333
1684300088.0504346,1666.1333333333334,4374.4,62247.46666666667
1684300088.1004872,1720.5333333333333,4427.733333333334,62101.333333333336
1684300088.1505282,1662.9333333333334,4413.866666666667,62087.46666666667
1684300088.2004564,1662.9333333333334,4360.533333333334,62074.666666666664
1684300088.2504003,1660.8,4353.066666666667,62039.46666666667
1684300088.300391,1609.6,4300.8,62052.26666666667
1684300088.3505087,1609.6,4251.733333333334,62129.066666666666
1684300088.4004922,1555.2,4200.533333333334,62314.666666666664
1684300088.450623,1555.2,4201.6,62301.86666666667
1684300088.5005043,1499.7333333333333,4206.933333333333,62320.0
1684300088.5505607,1499.7333333333333,4205.866666666667,62353.066666666666
1684300088.6004295,1444.2666666666667,4140.8,62389.333333333336
1684300088.6504426,1443.2,4154.666666666667,62198.4
1684300088.7003915,1440.0,4146.133333333333,62177.066666666666
1684300088.7505531,1440.0,4092.8,62206.933333333334
1684300088.8004258,1440.0,4152.533333333334,62156.8
1684300088.850427,1435.7333333333333,4198.4,62084.26666666667
1684300088.9004195,1436.8,4225.066666666667,62082.13333333333
1684300088.950535,1436.8,4279.466666666666,61976.53333333333
1684300089.0006135,1489.0666666666666,4270.933333333333,61953.066666666666
1684300089.0504572,1490.1333333333334,4315.733333333334,61976.53333333333
1684300089.1007025,1542.4,4316.8,61936.0
1684300089.150717,1493.3333333333333,4264.533333333334,61988.26666666667
1684300089.2004876,1548.8,4267.733333333334,61968.0
1684300089.250454,1603.2,4265.6,61875.2
1684300089.3004494,1604.2666666666667,4264.533333333334,61879.46666666667
1684300089.3505306,1609.6,4263.466666666666,61926.4
1684300089.4006786,1610.6666666666667,4277.333333333333,61941.333333333336
1684300089.4504526,1611.7333333333333,4277.333333333333,62008.53333333333
1684300089.5004256,1613.8666666666666,4318.933333333333,62052.26666666667
1684300089.5505495,1612.8,4320.0,62023.46666666667
1684300089.6004636,1614.9333333333334,4317.866666666667,62067.2
1684300089.6503913,1616.0,4345.6,62120.53333333333
1684300089.7004235,1563.7333333333333,4278.4,62286.933333333334
1684300089.7505186,1564.8,4238.933333333333,62256.0
1684300089.800461,1563.7333333333333,4224.0,62240.0
1684300089.8503969,1563.7333333333333,4210.133333333333,62314.666666666664
1684300089.9004204,1564.8,4156.8,62302.933333333334
1684300089.9505002,1564.8,4097.066666666667,62261.333333333336
1684300090.0006602,1453.8666666666666,4088.5333333333333,62285.86666666667
1684300090.0504258,1454.9333333333334,4161.066666666667,62096.0
1684300090.1004593,1454.9333333333334,4161.066666666667,62106.666666666664
1684300090.1506732,1399.4666666666667,4049.0666666666666,62179.2
1684300090.2004993,1453.8666666666666,4057.6,62023.46666666667
1684300090.250412,1400.5333333333333,4003.2,62192.0
1684300090.300418,1345.0666666666666,4008.5333333333333,62253.86666666667
1684300090.3505397,1345.0666666666666,4001.0666666666666,62213.333333333336
1684300090.4004586,1233.0666666666666,4012.8,62424.53333333333
1684300090.4504075,1181.8666666666666,4035.2,62529.066666666666
1684300090.5005362,1178.6666666666667,4028.8,62513.066666666666
1684300090.5505424,1179.7333333333333,4061.866666666667,62509.86666666667
1684300090.6004143,1180.8,4043.733333333333,62451.2
1684300090.6504266,1175.4666666666667,4044.8,62419.2
1684300090.7003949,1174.4,3991.4666666666667,62421.333333333336
1684300090.7506673,1232.0,3979.733333333333,62462.933333333334
1684300090.8004365,1233.0666666666666,3912.5333333333333,62473.6
1684300090.850432,1233.0666666666666,3911.4666666666667,62453.333333333336
1684300090.900387,1233.0666666666666,3912.5333333333333,62453.333333333336
1684300090.9505465,1286.4,3894.4,62366.933333333334
1684300091.0006077,1289.6,3851.733333333333,62439.46666666667
1684300091.050456,1346.1333333333334,3932.8,62219.73333333333
1684300091.1004336,1292.8,3892.266666666667,62369.066666666666
1684300091.1505642,1299.2,3890.133333333333,62410.666666666664
1684300091.2004862,1355.7333333333333,3972.266666666667,62406.4
1684300091.2503946,1410.1333333333334,3965.866666666667,62388.26666666667
1684300091.300409,1464.5333333333333,4092.8,62224.0
1684300091.350517,1465.6,4093.866666666667,62225.066666666666
1684300091.400449,1466.6666666666667,4080.0,62237.86666666667
1684300091.4504359,1521.0666666666666,4160.0,62051.2
1684300091.5004177,1522.1333333333334,4152.533333333334,62085.333333333336
1684300091.5505335,1523.2,4153.6,62057.6
1684300091.6004617,1526.4,4132.266666666666,62083.2
1684300091.6503923,1472.0,4130.133333333333,62310.4
1684300091.7003868,1475.2,4129.066666666667,62368.0
1684300091.75051,1475.2,4141.866666666667,62348.8
1684300091.8004155,1475.2,4080.0,62392.53333333333
1684300091.8504093,1516.8,4086.4,62432.0
1684300091.9004087,1515.7333333333333,4107.733333333334,62417.066666666666
1684300091.9504998,1516.8,4113.066666666667,62510.933333333334
1684300092.0008423,1462.4,4142.933333333333,62563.2
1684300092.0506372,1461.3333333333333,4084.266666666667,62563.2
1684300092.1004949,1409.0666666666666,4156.8,62614.4
1684300092.1505308,1460.2666666666667,4166.4,62549.333333333336
1684300092.2004201,1404.8,4196.266666666666,62553.6
1684300092.2504382,1349.3333333333333,4116.266666666666,62637.86666666667
1684300092.300416,1348.2666666666667,4117.333333333333,62681.6
1684300092.3505175,1344.0,4118.4,62636.8
1684300092.400425,1346.1333333333334,4103.466666666666,62602.666666666664
1684300092.450394,1346.1333333333334,4103.466666666666,62578.13333333333
1684300092.5003803,1345.0666666666666,4041.6,62573.86666666667
1684300092.5505438,1348.2666666666667,4054.4,62631.46666666667
1684300092.600433,1348.2666666666667,4056.5333333333333,62609.066666666666
1684300092.6504297,1348.2666666666667,4076.8,62562.13333333333
1684300092.7003899,1347.2,4136.533333333334,62524.8
1684300092.7505379,1347.2,4262.4,62552.53333333333
1684300092.800428,1347.2,4282.666666666667,62588.8
1684300092.8504148,1347.2,4277.333333333333,62568.53333333333
1684300092.9003832,1346.1333333333334,4269.866666666667,62594.13333333333
1684300092.9505208,1401.6,4314.666666666667,62441.6
1684300093.0006464,1454.9333333333334,4325.333333333333,62436.26666666667
1684300093.0504668,1457.0666666666666,4228.266666666666,62433.066666666666
1684300093.100439,1458.1333333333334,4228.266666666666,62307.2
1684300093.1505551,1461.3333333333333,4208.0,62348.8
1684300093.2004344,1462.4,4147.2,62550.4
1684300093.250405,1565.8666666666666,4145.066666666667,62359.46666666667
1684300093.300413,1564.8,4120.533333333334,62309.333333333336
1684300093.3505325,1565.8666666666666,4120.533333333334,62350.933333333334
1684300093.4004595,1620.2666666666667,4174.933333333333,62212.26666666667
1684300093.4506114,1618.1333333333334,4187.733333333334,62192.0
1684300093.5005076,1618.1333333333334,4186.666666666667,62168.53333333333
1684300093.5505655,1670.4,4273.066666666667,62182.4
1684300093.600454,1669.3333333333333,4270.933333333333,62232.53333333333
1684300093.6506479,1669.3333333333333,4291.2,62286.933333333334
1684300093.7006953,1722.6666666666667,4279.466666666666,62281.6
1684300093.7506115,1665.0666666666666,4278.4,62258.13333333333
1684300093.800466,1664.0,4267.733333333334,62231.46666666667
1684300093.8504229,1664.0,4268.8,62243.2
1684300093.9004145,1664.0,4268.8,62226.13333333333
1684300093.9507098,1608.5333333333333,4208.0,62296.53333333333
1684300094.0006914,1604.2666666666667,4263.466666666666,62298.666666666664
1684300094.0506058,1547.7333333333333,4215.466666666666,62470.4
1684300094.100572,1600.0,4208.0,62492.8
1684300094.1505399,1594.6666666666667,4210.133333333333,62446.933333333334
1684300094.2004275,1538.1333333333334,4160.0,62456.53333333333
1684300094.250541,1537.0666666666666,4262.4,62473.6
1684300094.300408,1482.6666666666667,4188.8,62691.2
1684300094.3505282,1481.6,4195.2,62691.2
1684300094.400678,1532.8,4197.333333333333,62633.6
1684300094.450454,1477.3333333333333,4177.066666666667,62816.0
1684300094.5004117,1476.2666666666667,4171.733333333334,62786.13333333333
1684300094.5505648,1475.2,4226.133333333333,62827.73333333333
1684300094.600427,1472.0,4167.466666666666,62790.4
1684300094.6504495,1524.2666666666667,4163.2,62797.86666666667
1684300094.7004037,1522.1333333333334,4164.266666666666,62746.666666666664
1684300094.750539,1643.7333333333333,4212.266666666666,62537.6
1684300094.8004146,1697.0666666666666,4334.933333333333,62451.2
1684300094.8504052,1655.4666666666667,4328.533333333334,62428.8
1684300094.9004514,1710.9333333333334,4379.733333333334,62265.6
1684300094.9505312,1819.7333333333333,4321.066666666667,62275.2
1684300095.0006187,1820.8,4328.533333333334,62274.13333333333
1684300095.0504222,1876.2666666666667,4330.666666666667,62251.73333333333
1684300095.1004336,1875.2,4332.8,62220.8
1684300095.1506746,1819.7333333333333,4330.666666666667,62279.46666666667
1684300095.2005076,1820.8,4371.2,62325.333333333336
1684300095.2504146,1821.8666666666666,4396.8,62324.26666666667
1684300095.3004534,1821.8666666666666,4384.0,62280.53333333333
1684300095.3505445,1824.0,4382.933333333333,62329.6
1684300095.400456,1821.8666666666666,4362.666666666667,62397.86666666667
1684300095.450401,1820.8,4356.266666666666,62393.6
1684300095.5003958,1819.7333333333333,4372.266666666666,62381.86666666667
1684300095.5505884,1816.5333333333333,4365.866666666667,62348.8
1684300095.6004605,1815.4666666666667,4363.733333333334,62381.86666666667
1684300095.6504083,1814.4,4362.666666666667,62406.4
1684300095.7006395,1814.4,4301.866666666667,62413.86666666667
1684300095.7506676,1813.3333333333333,4188.8,62373.333333333336
1684300095.8004954,1813.3333333333333,4202.666666666667,62325.333333333336
1684300095.8503983,1813.3333333333333,4201.6,62293.333333333336
1684300095.900382,1813.3333333333333,4222.933333333333,62245.333333333336
1684300095.9505317,1757.8666666666666,4164.266666666666,62380.8
1684300096.0006344,1703.4666666666667,4233.6,62391.46666666667
1684300096.0504384,1700.2666666666667,4265.6,62379.73333333333
1684300096.1004338,1698.1333333333334,4265.6,62507.73333333333
1684300096.1505198,1694.9333333333334,4258.133333333333,62487.46666666667
1684300096.2004194,1639.4666666666667,4307.2,62488.53333333333
1684300096.250422,1534.9333333333334,4301.866666666667,62695.46666666667
1684300096.3003817,1534.9333333333334,4227.2,62745.6
1684300096.3505385,1533.8666666666666,4227.2,62758.4
1684300096.4004142,1479.4666666666667,4081.0666666666666,62916.26666666667
1684300096.4503913,1481.6,4080.0,62916.26666666667
1684300096.5004025,1481.6,4080.0,62905.6
1684300096.5505452,1428.2666666666667,4059.733333333333,62924.8
1684300096.6004148,1428.2666666666667,4058.6666666666665,62877.86666666667
1684300096.6504118,1428.2666666666667,4091.733333333333,62835.2
1684300096.70038,1374.9333333333334,4123.733333333334,62865.066666666666
1684300096.7505453,1485.8666666666666,4167.466666666666,62640.0
1684300096.800422,1485.8666666666666,4329.6,62519.46666666667
1684300096.85039,1485.8666666666666,4314.666666666667,62533.333333333336
1684300096.9004028,1542.4,4427.733333333334,62433.066666666666
1684300096.950505,1600.0,4429.866666666667,62441.6
1684300097.0007777,1601.0666666666666,4355.2,62441.6
1684300097.0506175,1601.0666666666666,4268.8,62403.2
1684300097.1004455,1550.9333333333334,4269.866666666667,62428.8
1684300097.1505368,1553.0666666666666,4267.733333333334,62471.46666666667
1684300097.2004473,1554.1333333333334,4236.8,62478.933333333334
1684300097.250392,1501.8666666666666,4153.6,62533.333333333336
1684300097.3004124,1501.8666666666666,4153.6,62464.0
1684300097.3504996,1502.9333333333334,4167.466666666666,62464.0
1684300097.4004476,1449.6,4165.333333333333,62494.933333333334
1684300097.4503884,1450.6666666666667,4158.933333333333,62528.0
1684300097.5004137,1450.6666666666667,4156.8,62496.0
1684300097.5505123,1450.6666666666667,4174.933333333333,62496.0
1684300097.600438,1450.6666666666667,4202.666666666667,62500.26666666667
1684300097.6504037,1398.4,4193.066666666667,62501.333333333336
1684300097.7003853,1401.6,4259.2,62519.46666666667
1684300097.7505558,1280.0,4198.4,62677.333333333336
1684300097.8004167,1226.6666666666667,4084.266666666667,62748.8
1684300097.8504312,1281.0666666666666,4021.3333333333335,62590.933333333334
1684300097.9003832,1225.6,3962.6666666666665,62757.333333333336
1684300097.9505296,1115.7333333333333,3961.6,62770.13333333333
1684300098.0006173,1112.5333333333333,3968.0,62761.6
1684300098.0504568,1057.0666666666666,3965.866666666667,62728.53333333333
1684300098.1004474,1057.0666666666666,3937.0666666666666,62755.2
1684300098.1505451,1057.0666666666666,4017.0666666666666,62551.46666666667
1684300098.2004094,1056.0,4004.266666666667,62523.73333333333
1684300098.2504146,1058.1333333333334,4014.9333333333334,62503.46666666667
1684300098.300439,1058.1333333333334,4013.866666666667,62487.46666666667
1684300098.3505447,1054.9333333333334,4093.866666666667,62434.13333333333
1684300098.400411,1108.2666666666667,4115.2,62381.86666666667
1684300098.450653,1108.2666666666667,4195.2,62381.86666666667
1684300098.5004523,1108.2666666666667,4118.4,62377.6
1684300098.5505464,1110.4,4164.266666666666,62361.6
1684300098.600432,1109.3333333333333,4167.466666666666,62289.066666666666
1684300098.6503956,1110.4,4122.666666666667,62264.53333333333
1684300098.700386,1110.4,4392.533333333334,62298.666666666664
1684300098.7504911,1338.6666666666667,4419.2,62124.8
1684300098.800425,1338.6666666666667,4471.466666666666,62117.333333333336
1684300098.8503814,1338.6666666666667,4471.466666666666,62102.4
1684300098.9004047,1512.5333333333333,4538.666666666667,61997.86666666667
1684300098.9505036,1568.0,4539.733333333334,62065.066666666666
1684300099.0006423,1569.0666666666666,4586.666666666667,61965.86666666667
1684300099.0505135,1515.7333333333333,4537.6,62125.86666666667
1684300099.1005895,1517.8666666666666,4537.6,62173.86666666667
1684300099.1505282,1518.9333333333334,4551.466666666666,62167.46666666667
1684300099.200454,1523.2,4488.533333333334,62193.066666666666
1684300099.2503953,1525.3333333333333,4603.733333333334,62217.6
1684300099.3004045,1524.2666666666667,4638.933333333333,62162.13333333333
1684300099.3505058,1524.2666666666667,4659.2,62129.066666666666
1684300099.400664,1574.4,4659.2,62158.933333333334
1684300099.450419,1572.2666666666667,4653.866666666667,62181.333333333336
1684300099.5003788,1575.4666666666667,4652.8,62199.46666666667
1684300099.5505137,1575.4666666666667,4600.533333333334,62245.333333333336
1684300099.600427,1575.4666666666667,4600.533333333334,62272.0
1684300099.6504238,1578.6666666666667,4593.066666666667,62285.86666666667
1684300099.7003922,1578.6666666666667,4594.133333333333,62257.066666666666
1684300099.7505343,1467.7333333333333,4541.866666666667,62485.333333333336
1684300099.8004134,1522.1333333333334,4432.0,62440.53333333333
1684300099.8504436,1522.1333333333334,4433.066666666667,62400.0
1684300099.900388,1465.6,4359.466666666666,62513.066666666666
1684300099.9505036,1460.2666666666667,4365.866666666667,62307.2
1684300100.000606,1460.2666666666667,4365.866666666667,62257.066666666666
1684300100.0504532,1459.2,4400.0,62282.666666666664
1684300100.1004188,1454.9333333333334,4387.2,62237.86666666667
1684300100.1507363,1452.8,4408.533333333334,62156.8
1684300100.200687,1451.7333333333333,4393.6,62172.8
1684300100.2504473,1450.6666666666667,4380.8,62125.86666666667
1684300100.3004134,1450.6666666666667,4308.266666666666,62141.86666666667
1684300100.350528,1452.8,4299.733333333334,62157.86666666667
1684300100.400426,1452.8,4299.733333333334,62125.86666666667
1684300100.450628,1451.7333333333333,4318.933333333333,61972.26666666667
1684300100.5004532,1506.1333333333334,4333.866666666667,61984.0
1684300100.5505369,1506.1333333333334,4342.4,61968.0
1684300100.6004176,1507.2,4354.133333333333,61963.73333333333
1684300100.6504178,1506.1333333333334,4416.0,61963.73333333333
1684300100.7004066,1501.8666666666666,4376.533333333334,61991.46666666667
1684300100.7505136,1556.2666666666667,4423.466666666666,61822.933333333334
1684300100.8004477,1556.2666666666667,4555.733333333334,61625.6
1684300100.8503907,1500.8,4580.266666666666,61783.46666666667
1684300100.9004354,1556.2666666666667,4619.733333333334,61482.666666666664
1684300100.9505053,1611.7333333333333,4680.533333333334,61490.13333333333
1684300101.0006409,1612.8,4660.266666666666,61465.6
1684300101.0504224,1666.1333333333334,4668.8,61284.26666666667
1684300101.1004214,1720.5333333333333,4616.533333333334,61258.666666666664
1684300101.1505601,1720.5333333333333,4541.866666666667,61477.333333333336
1684300101.200499,1773.8666666666666,4461.866666666667,61489.066666666666
1684300101.2506607,1769.6,4462.933333333333,61485.86666666667
1684300101.3005285,1768.5333333333333,4461.866666666667,61529.6
1684300101.3505502,1822.9333333333334,4450.133333333333,61384.53333333333
1684300101.4004176,1768.5333333333333,4469.333333333333,61431.46666666667
1684300101.4504511,1768.5333333333333,4449.066666666667,61420.8
1684300101.500399,1768.5333333333333,4483.2,61386.666666666664
1684300101.5505104,1765.3333333333333,4423.466666666666,61425.066666666666
1684300101.6004112,1817.6,4502.4,61424.0
1684300101.650431,1816.5333333333333,4540.8,61460.26666666667
1684300101.7003965,1815.4666666666667,4344.533333333334,61378.13333333333
1684300101.750533,1640.5333333333333,4291.2,61566.933333333334
1684300101.8004084,1640.5333333333333,4219.733333333334,61588.26666666667
1684300101.8504133,1639.4666666666667,4238.933333333333,61648.0
1684300101.900368,1464.5333333333333,4171.733333333334,61741.86666666667
1684300101.9505258,1408.0,4170.666666666667,61690.666666666664
1684300102.0008438,1409.0666666666666,4032.0,61778.13333333333
1684300102.0506473,1462.4,4035.2,61773.86666666667
1684300102.1004486,1460.2666666666667,4034.133333333333,61768.53333333333
1684300102.150576,1458.1333333333334,4046.9333333333334,61715.2
1684300102.200455,1453.8666666666666,4048.0,61665.066666666666
1684300102.250407,1450.6666666666667,3992.5333333333333,61644.8
1684300102.3003812,1504.0,4065.0666666666666,61484.8
1684300102.3505015,1504.0,4043.733333333333,61465.6
1684300102.4004142,1453.8666666666666,4064.0,61463.46666666667
1684300102.4503767,1453.8666666666666,4118.4,61462.4
1684300102.5004084,1450.6666666666667,4193.066666666667,61435.73333333333
1684300102.5504868,1450.6666666666667,4146.133333333333,61435.73333333333
1684300102.6004095,1450.6666666666667,4167.466666666666,61403.73333333333
1684300102.6503923,1447.4666666666667,4101.333333333333,61384.53333333333
1684300102.7004068,1449.6,4100.266666666666,61413.333333333336
1684300102.750504,1449.6,4154.666666666667,61288.53333333333
1684300102.8004367,1395.2,4193.066666666667,61373.86666666667
1684300102.8503823,1395.2,4193.066666666667,61396.26666666667
1684300102.900396,1394.1333333333334,4258.133333333333,61392.0
1684300102.950505,1396.2666666666667,4270.933333333333,61582.933333333334
1684300103.000642,1397.3333333333333,4268.8,61626.666666666664
1684300103.0504208,1397.3333333333333,4314.666666666667,61602.13333333333
1684300103.1003785,1451.7333333333333,4365.866666666667,61436.8
1684300103.1505365,1505.0666666666666,4492.8,61280.0
1684300103.2004352,1508.2666666666667,4507.733333333334,61255.46666666667
1684300103.2504058,1510.4,4502.4,61266.13333333333
1684300103.3003745,1509.3333333333333,4503.466666666666,61278.933333333334
1684300103.350535,1507.2,4498.133333333333,61258.666666666664
1684300103.4004095,1512.5333333333333,4498.133333333333,61317.333333333336
1684300103.4506457,1512.5333333333333,4467.2,61316.26666666667
1684300103.500445,1458.1333333333334,4466.133333333333,61334.4
1684300103.5505905,1458.1333333333334,4398.933333333333,61297.066666666666
1684300103.600426,1457.0666666666666,4393.6,61309.86666666667
1684300103.6504264,1458.1333333333334,4331.733333333334,61280.0
1684300103.7004066,1457.0666666666666,4412.8,61241.6
1684300103.7505424,1402.6666666666667,4358.4,61417.6
1684300103.800425,1403.7333333333333,4291.2,61636.26666666667
1684300103.8504071,1404.8,4297.6,61645.86666666667
1684300103.900375,1349.3333333333333,4245.333333333333,61931.73333333333
1684300103.950496,1294.9333333333334,4250.666666666667,61945.6
1684300104.0006242,1294.9333333333334,4250.666666666667,61911.46666666667
1684300104.0504098,1241.6,4268.8,62128.0
1684300104.1004848,1189.3333333333333,4254.933333333333,62145.066666666666
1684300104.1505299,1189.3333333333333,4256.0,62061.86666666667
1684300104.2004066,1137.0666666666666,4275.2,62082.13333333333
1684300104.2505836,1138.1333333333334,4276.266666666666,62099.2
1684300104.300473,1139.2,4277.333333333333,62067.2
1684300104.3505232,1084.8,4224.0,62218.666666666664
1684300104.4006817,1089.0666666666666,4216.533333333334,62222.933333333334
1684300104.4504073,1089.0666666666666,4230.4,62188.8
1684300104.500378,1091.2,4224.0,62243.2
1684300104.5505054,1093.3333333333333,4284.8,62253.86666666667
1684300104.6004493,1042.1333333333334,4250.666666666667,62262.4
1684300104.6503844,1044.2666666666667,4244.266666666666,62251.73333333333
1684300104.7004235,1045.3333333333333,4225.066666666667,62266.666666666664
1684300104.750489,992.0,4279.466666666666,62250.666666666664
1684300104.8004553,1042.1333333333334,4332.8,62206.933333333334
1684300104.850394,1043.2,4353.066666666667,62214.4
1684300104.9003768,1044.2666666666667,4385.066666666667,62245.333333333336
1684300104.9504974,1100.8,4386.133333333333,62216.53333333333
1684300105.0006342,1100.8,4385.066666666667,62232.53333333333
1684300105.0504515,1047.4666666666667,4381.866666666667,62258.13333333333
1684300105.1003878,1102.9333333333334,4435.2,62088.53333333333
1684300105.1506705,1104.0,4428.8,62122.666666666664
1684300105.2004523,1107.2,4427.733333333334,62172.8
1684300105.2504442,1109.3333333333333,4408.533333333334,62122.666666666664
1684300105.3003855,1059.2,4342.4,62317.86666666667
1684300105.350564,1059.2,4342.4,62370.13333333333
1684300105.4004192,1060.2666666666667,4348.8,62361.6
1684300105.450388,1061.3333333333333,4286.933333333333,62373.333333333336
1684300105.5003772,1113.6,4360.533333333334,62203.73333333333
1684300105.5505219,1113.6,4361.6,62162.13333333333
1684300105.600424,1114.6666666666667,4387.2,62190.933333333334
1684300105.650422,1114.6666666666667,4462.933333333333,62238.933333333334
1684300105.700371,1112.5333333333333,4457.6,62171.73333333333
1684300105.7506945,1112.5333333333333,4405.333333333333,62322.13333333333
1684300105.800406,1112.5333333333333,4314.666666666667,62448.0
1684300105.8503964,1112.5333333333333,4314.666666666667,62418.13333333333
1684300105.9004018,1117.8666666666666,4216.533333333334,62406.4
1684300105.9504528,1062.4,4208.0,62369.066666666666
1684300106.0006356,1061.3333333333333,4209.066666666667,62333.86666666667
1684300106.0504165,1069.8666666666666,4176.0,62381.86666666667
1684300106.100431,1016.5333333333333,4123.733333333334,62542.933333333334
1684300106.150681,963.2,4035.2,62715.73333333333
1684300106.2004428,1013.3333333333334,4107.733333333334,62509.86666666667
1684300106.2503886,1011.2,4105.6,62486.4
1684300106.3003895,1012.2666666666667,4131.2,62465.066666666666
1684300106.3505087,1064.5333333333333,4184.533333333334,62253.86666666667
1684300106.4004428,1059.2,4231.466666666666,62238.933333333334
1684300106.4503922,1059.2,4182.4,62380.8
1684300106.5003772,1059.2,4169.6,62376.53333333333
1684300106.5506167,1339.7333333333333,4202.666666666667,62198.4
1684300106.6006446,1339.7333333333333,4196.266666666666,62177.066666666666
1684300106.6508598,1450.6666666666667,4196.266666666666,62197.333333333336
1684300106.700455,1452.8,4064.0,62237.86666666667
1684300106.7505782,1509.3333333333333,4080.0,62214.4
1684300106.8004124,1508.2666666666667,4016.0,62156.8
1684300106.8504107,1508.2666666666667,4022.4,62202.666666666664
1684300106.9008892,1510.4,4022.4,62183.46666666667
1684300106.9507673,1509.3333333333333,4076.8,62085.333333333336
1684300107.0008638,1509.3333333333333,4075.733333333333,62087.46666666667
1684300107.0507927,1513.6,4128.0,62073.6
1684300107.1001563,1565.8666666666666,4215.466666666666,62066.13333333333
1684300107.150148,1575.4666666666667,4259.2,62145.066666666666
1684300107.2004447,1577.6,4332.8,62138.666666666664
1684300107.250398,1577.6,4320.0,62075.73333333333
1684300107.3004255,1582.9333333333334,4346.666666666667,62120.53333333333
1684300107.3507252,1636.2666666666667,4314.666666666667,61956.26666666667
1684300107.4004238,1633.0666666666666,4309.333333333333,61966.933333333334
1684300107.450392,1686.4,4221.866666666667,62000.0
1684300107.5004003,1684.2666666666667,4221.866666666667,61970.13333333333
1684300107.5504856,1683.2,4161.066666666667,61931.73333333333
1684300107.6004224,1683.2,4221.866666666667,61996.8
1684300107.650384,1681.0666666666666,4234.666666666667,62022.4
1684300107.7003987,1681.0666666666666,4240.0,62018.13333333333
1684300107.7506359,1681.0666666666666,4208.0,61845.333333333336
1684300107.8004391,1630.9333333333334,4153.6,61918.933333333334
1684300107.8503828,1634.1333333333334,4193.066666666667,61886.933333333334
1684300107.900396,1634.1333333333334,4161.066666666667,61888.0
1684300107.9505,1578.6666666666667,4227.2,61918.933333333334
1684300108.0007622,1576.5333333333333,4233.6,61931.73333333333
1684300108.050042,1576.5333333333333,4228.266666666666,61971.2
1684300108.0999873,1522.1333333333334,4183.466666666666,62110.933333333334
1684300108.150678,1522.1333333333334,4183.466666666666,62082.13333333333
1684300108.2004356,1518.9333333333334,4183.466666666666,62030.933333333334
1684300108.250408,1517.8666666666666,4157.866666666667,62098.13333333333
1684300108.3003788,1515.7333333333333,4164.266666666666,62065.066666666666
1684300108.3505,1515.7333333333333,4165.333333333333,62006.4
1684300108.4004214,1514.6666666666667,4172.8,61990.4
1684300108.4506035,1513.6,4233.6,61945.6
1684300108.5004613,1461.3333333333333,4146.133333333333,62132.26666666667
1684300108.5507278,1512.5333333333333,4210.133333333333,61966.933333333334
1684300108.6004157,1511.4666666666667,4163.2,61949.86666666667
1684300108.6504154,1511.4666666666667,4108.8,61933.86666666667
1684300108.7004824,1565.8666666666666,4103.466666666666,61917.86666666667
1684300108.7508469,1565.8666666666666,4167.466666666666,61885.86666666667
1684300108.8004153,1565.8666666666666,4170.666666666667,61842.13333333333
1684300108.8504102,1564.8,4171.733333333334,61834.666666666664
1684300108.900379,1559.4666666666667,4145.066666666667,61802.666666666664
1684300108.9506242,1560.5333333333333,4145.066666666667,61858.13333333333
1684300109.0006738,1613.8666666666666,4148.266666666666,61899.73333333333
1684300109.0504181,1606.4,4148.266666666666,61885.86666666667
1684300109.1004856,1660.8,4151.466666666666,61809.066666666666
1684300109.1504645,1717.3333333333333,4206.933333333333,61656.53333333333
1684300109.200496,1719.4666666666667,4148.266666666666,61857.066666666666
1684300109.2503817,1772.8,4208.0,61686.4
1684300109.3004684,1828.2666666666667,4267.733333333334,61694.933333333334
1684300109.3506494,1828.2666666666667,4209.066666666667,61908.26666666667
1684300109.4006646,1829.3333333333333,4201.6,61923.2
1684300109.450411,1830.4,4210.133333333333,61923.2
1684300109.5004175,1830.4,4209.066666666667,61984.0
1684300109.5503805,1553.0666666666666,4149.333333333333,62183.46666666667
1684300109.6005642,1553.0666666666666,4149.333333333333,62209.066666666666
1684300109.6503897,1445.3333333333333,4149.333333333333,62218.666666666664
1684300109.7003968,1445.3333333333333,4160.0,62154.666666666664
1684300109.7503726,1388.8,4157.866666666667,62241.066666666666
1684300109.8005662,1388.8,4169.6,62243.2
1684300109.8503983,1387.7333333333333,4163.2,62218.666666666664
1684300109.900394,1385.6,4163.2,62241.066666666666
1684300109.9503844,1440.0,4156.8,62192.0
1684300110.0007105,1441.0666666666666,4157.866666666667,62188.8
1684300110.050428,1436.8,4118.4,62222.933333333334
1684300110.1003816,1382.4,4120.533333333334,62253.86666666667
1684300110.1506863,1372.8,4068.266666666667,62194.13333333333
1684300110.2006,1368.5333333333333,4067.2,62187.73333333333
1684300110.2504468,1368.5333333333333,4066.133333333333,62206.933333333334
1684300110.3004346,1363.2,4060.8,62176.0
1684300110.350395,1310.9333333333334,4065.0666666666666,62342.4
1684300110.4005208,1310.9333333333334,4126.933333333333,62341.333333333336
1684300110.4504225,1257.6,4147.2,62347.73333333333
1684300110.5003798,1257.6,4140.8,62185.6
1684300110.5504045,1257.6,4141.866666666667,62155.73333333333
1684300110.600514,1257.6,4067.2,62105.6
1684300110.6504405,1310.9333333333334,4062.9333333333334,61889.066666666666
1684300110.7003658,1310.9333333333334,4029.866666666667,61897.6
1684300110.7503934,1314.1333333333334,4021.3333333333335,62099.2
1684300110.8004937,1368.5333333333333,4081.0666666666666,61866.666666666664
1684300110.8504248,1365.3333333333333,4035.2,61898.666666666664
1684300110.9003778,1367.4666666666667,4040.5333333333333,61907.2
1684300110.9503977,1367.4666666666667,4066.133333333333,61943.46666666667
1684300111.001006,1368.5333333333333,4147.2,61756.8
1684300111.0505395,1369.6,4139.733333333334,61678.933333333334
1684300111.1004324,1446.4,4233.6,61505.066666666666
1684300111.1504934,1502.9333333333334,4214.4,61515.73333333333
1684300111.2005372,1505.0666666666666,4214.4,61555.2
1684300111.250424,1505.0666666666666,4194.133333333333,61504.0
1684300111.3004189,1557.3333333333333,4181.333333333333,61538.13333333333
1684300111.3503883,1671.4666666666667,4243.2,61372.8
1684300111.4004643,1673.6,4235.733333333334,61398.4
1684300111.4503994,1677.8666666666666,4174.933333333333,61406.933333333334
1684300111.5004535,1678.9333333333334,4196.266666666666,61448.53333333333
1684300111.5503905,1629.8666666666666,4151.466666666666,61643.73333333333
1684300111.600495,1630.9333333333334,4150.4,61701.333333333336
