Time,Right Hand Signal,Head Signal,Strain Gauge Signal
1684219051.6764956,4736,832,65472
1684219051.726588,768,4800,62912
1684219051.7765868,704,960,63936
1684219051.8265636,768,4096,60928
1684219051.8765752,832,5056,64832
1684219051.926559,4480,1024,62208
1684219051.9765556,4608,5120,63936
1684219052.0265868,4672,768,63680
1684219052.0765626,704,832,61120
1684219052.1265633,3776,6976,64640
1684219052.1765559,896,1344,63616
1684219052.2265646,8704,832,61888
1684219052.276569,6528,1344,60096
1684219052.3265889,768,832,52480
1684219052.3766112,768,4800,65472
1684219052.4265802,768,1088,55552
1684219052.4765735,768,9216,62976
1684219052.5265903,704,960,62208
1684219052.576591,704,960,63616
1684219052.6265955,1792,2368,62464
1684219052.6765904,4352,960,63296
1684219052.726587,768,960,63744
1684219052.776589,4096,768,65472
1684219052.8266168,1024,1152,64064
1684219052.876624,768,832,65472
1684219052.9265928,2368,7040,63744
1684219052.9765818,768,832,63488
1684219053.026582,768,3264,64704
1684219053.0765865,960,1344,61376
1684219053.1266139,768,768,62400
1684219053.1765869,2176,5568,64448
1684219053.2266657,4608,832,63296
1684219053.2766266,768,6784,63744
1684219053.3267245,4096,960,65472
1684219053.376596,768,5248,65472
1684219053.4265637,1344,3200,64064
1684219053.4765658,704,960,63936
1684219053.5265625,1280,832,62528
1684219053.5765576,768,960,52608
1684219053.626554,768,5440,63744
1684219053.6765547,768,960,62976
1684219053.7265553,4480,1344,60992
1684219053.7765536,768,832,64768
1684219053.8265703,4928,7360,58624
1684219053.8765745,832,5376,63680
1684219053.926558,768,6848,63744
1684219053.9765537,4544,1344,60672
1684219054.0265543,768,5056,65472
1684219054.076578,4736,6912,52224
1684219054.1265886,4672,4416,51520
1684219054.1766121,4544,8640,56576
1684219054.226589,4672,4672,52672
1684219054.2765841,960,960,65472
1684219054.3265905,960,1216,65088
1684219054.3766289,2944,1152,60288
1684219054.4266136,768,832,63872
1684219054.4766014,6464,1216,63744
1684219054.5265834,1024,1344,65472
1684219054.5765774,4672,768,65280
1684219054.626585,768,1600,61376
1684219054.676595,768,832,65472
1684219054.726592,3712,10240,65472
1684219054.7765882,832,1600,64512
1684219054.826609,832,7168,60544
1684219054.8766093,4544,1216,63744
1684219054.926613,768,960,65024
1684219054.9765942,896,3968,65472
1684219055.0266197,2176,768,63488
1684219055.0765917,768,960,60992
1684219055.126588,9856,5248,53888
1684219055.1765862,704,1344,63936
1684219055.2265868,768,768,65472
1684219055.2765918,9024,8960,60160
1684219055.3265877,768,832,65472
1684219055.3766227,4928,5568,63424
1684219055.4265943,768,1600,62912
1684219055.476596,768,832,61760
1684219055.5265973,768,1152,60992
1684219055.5765903,704,960,63936
1684219055.6265855,768,3520,65472
1684219055.6765885,5248,832,56128
1684219055.7265887,768,1152,61376
1684219055.7766101,4864,768,62208
1684219055.8265865,768,1344,62080
1684219055.8766308,768,768,65408
1684219055.9265904,5312,2816,64448
1684219055.9766092,768,1344,60736
1684219056.026588,4544,5184,65216
1684219056.0765877,960,1600,64512
1684219056.1265864,768,768,61888
1684219056.176585,768,7104,63232
1684219056.2265859,768,960,61888
1684219056.2765872,768,4032,62592
1684219056.3265882,768,960,64640
1684219056.376585,704,960,62464
1684219056.4278467,2176,5632,64128
1684219056.4766042,704,4864,64192
1684219056.5266085,704,768,62848
1684219056.5765858,5312,896,62400
1684219056.6265793,11648,1344,61888
1684219056.6768863,4608,7808,64256
1684219056.7265801,768,1344,63936
1684219056.776586,704,768,64768
1684219056.8265846,896,5952,61440
1684219056.8765953,704,1344,65472
1684219056.9265938,768,9216,64896
1684219056.9765866,1856,14848,65472
1684219057.026611,4736,4480,50880
1684219057.076583,704,4352,62400
1684219057.1266177,4672,4608,53952
1684219057.1765828,4672,5376,63936
1684219057.226583,6464,4352,53312
1684219057.2765832,768,1152,63040
1684219057.3265896,9856,4928,57920
1684219057.3765855,4608,1600,51392
1684219057.426583,4800,960,63616
1684219057.476583,1280,5696,54208
1684219057.526598,704,1344,61888
1684219057.5765867,1088,1024,62784
1684219057.6265843,4480,1408,62656
1684219057.676588,704,832,63168
1684219057.7265909,4608,9792,51840
1684219057.7765863,704,1088,64896
1684219057.8266013,704,960,62016
1684219057.8766,768,1088,63360
1684219057.9265873,768,960,64064
1684219057.9765854,3840,1152,65472
1684219058.0265806,704,768,64512
1684219058.0765824,704,832,62912
1684219058.1265893,2240,2752,65152
1684219058.176614,704,5632,52416
1684219058.2265925,640,768,64384
1684219058.2765791,8320,7104,65472
1684219058.3265946,704,768,61952
1684219058.3766146,768,3648,63552
1684219058.4265828,768,1600,63488
1684219058.476582,704,768,62848
1684219058.5265946,832,1152,61376
1684219058.5765843,4160,832,62976
1684219058.6265824,28544,5184,63104
1684219058.676579,30848,5312,52928
1684219058.726588,25664,960,62464
1684219058.7765844,24320,1152,61824
1684219058.8265834,24320,7552,64576
1684219058.87659,24512,704,61952
1684219058.9265943,25280,896,63616
1684219058.9765875,25600,1344,62144
1684219059.02661,25920,3264,62336
1684219059.0765789,25728,1728,54208
1684219059.1265845,25856,768,65344
1684219059.1765854,25088,6336,64448
1684219059.2265804,25536,960,61312
1684219059.2765825,26368,7168,62080
1684219059.3265843,26176,1152,63616
1684219059.3765848,25280,896,65472
1684219059.426582,24512,2816,63360
1684219059.4765842,24320,960,61440
1684219059.5267084,27072,832,62336
1684219059.576608,27072,896,63104
1684219059.626586,23808,1344,62144
1684219059.676585,24576,768,65472
1684219059.726589,26688,1344,62272
1684219059.7766142,30464,4928,59968
1684219059.8265784,24704,4800,64704
1684219059.8765912,24000,1408,62784
1684219059.9265938,27520,4992,58688
1684219059.9765854,23232,4800,64000
1684219060.0265825,26816,4544,57792
1684219060.0765865,26240,8384,56128
1684219060.1265893,22784,1024,60544
1684219060.176586,22912,960,57664
1684219060.2265832,27520,4480,48576
1684219060.2765806,26816,4672,49344
1684219060.3265839,26112,4864,45888
1684219060.376611,21824,4416,55168
1684219060.4265912,26368,2240,58112
1684219060.4765828,25856,11008,45568
1684219060.5265925,22400,6336,57408
1684219060.5765867,26176,5056,41856
1684219060.6266072,22592,6016,52672
1684219060.6765776,22208,3712,54400
1684219060.7265866,24768,8384,52352
1684219060.7765858,22016,832,51648
1684219060.826581,22144,768,50624
1684219060.876589,22080,704,50368
1684219060.9265883,22080,960,51072
1684219060.9765851,22208,832,52928
1684219061.0265825,21824,1664,51840
1684219061.076581,22528,768,48192
1684219061.1265843,21632,4416,51712
1684219061.1765847,22016,1152,51904
1684219061.2265804,22400,768,50752
1684219061.2766025,22144,10496,51840
1684219061.3265827,22464,704,49984
1684219061.3766098,21376,4032,53696
1684219061.426579,22144,768,50816
1684219061.4765797,22080,704,52800
1684219061.5266085,22144,832,51648
1684219061.57659,22464,832,52608
1684219061.6265872,22464,768,51264
1684219061.676577,22080,1152,51136
1684219061.7265835,22336,960,48256
1684219061.7765844,21312,4032,48320
1684219061.8265808,22528,1152,49472
1684219061.8765914,22272,768,48640
1684219061.9265926,20992,4736,49088
1684219061.9765859,22400,960,49408
1684219062.026583,21760,4032,48256
1684219062.0765793,25920,3136,39744
1684219062.1265872,22272,768,48384
1684219062.176585,21824,2432,49600
1684219062.2265794,25472,4992,48192
1684219062.27658,21696,768,48768
1684219062.3265836,21696,768,50560
1684219062.3765833,21696,960,51136
1684219062.426579,20672,704,51264
1684219062.4765813,21376,1024,48064
1684219062.5265915,21504,5248,51712
1684219062.576584,20288,16000,50560
1684219062.626605,25216,30848,37760
1684219062.6765783,21184,34048,49024
1684219062.7265866,21888,33984,51520
1684219062.7765841,21440,40576,52224
1684219062.8265958,21440,47680,47872
1684219062.8765967,25728,52160,40704
1684219062.926588,32960,54336,51328
1684219062.976583,21120,58880,51200
1684219063.0265763,25600,60416,51200
1684219063.0765772,21824,60864,50112
1684219063.126583,38528,65408,41792
1684219063.1765823,21760,59776,52288
1684219063.2265782,21760,57408,53120
1684219063.2765787,21824,53248,50688
1684219063.326579,24896,57792,42688
1684219063.3765798,21440,51456,52672
1684219063.4265783,25792,51520,51264
1684219063.4766066,20544,44096,42944
1684219063.5266097,21824,37184,52160
1684219063.576583,25472,41216,49920
1684219063.626576,21824,45056,48704
1684219063.6766293,25728,55424,52224
1684219063.7265823,20672,45056,50944
1684219063.7766325,21696,40448,51072
1684219063.8265846,21760,39552,49984
1684219063.876586,20544,36544,50048
1684219063.9265845,21696,26304,48512
1684219063.9765809,24704,16064,39104
1684219064.026581,21696,2432,50496
1684219064.0765784,22144,832,52480
1684219064.1265793,22080,832,40576
1684219064.1765778,22208,832,49088
1684219064.2265794,21824,768,53184
1684219064.2765737,22208,768,51200
1684219064.3265803,22080,768,49280
1684219064.3765788,25984,2560,38272
1684219064.4265778,22080,1088,51136
1684219064.476577,22144,704,50304
1684219064.5265818,21120,5184,50368
1684219064.57658,22080,704,49856
1684219064.626601,20736,5952,50816
1684219064.6765773,22272,896,50240
1684219064.7265778,22080,768,50368
1684219064.7765787,21376,3200,49280
1684219064.826578,21760,768,49664
1684219064.8765862,21760,704,49856
1684219064.9265857,21824,768,51584
1684219064.976592,21888,768,49216
1684219065.026582,21696,1408,49088
1684219065.0765843,25600,5312,40768
1684219065.1265786,21760,768,49600
1684219065.1765792,20608,4800,51776
1684219065.2265766,21888,1152,49152
1684219065.276599,20288,4800,48576
1684219065.3265753,21824,1152,51712
1684219065.3766437,25600,5504,41408
1684219065.4265854,20224,5952,51648
1684219065.4765766,25536,768,47488
1684219065.5265868,21376,3264,48896
1684219065.5765975,21760,4480,40192
1684219065.626585,21888,4992,49152
1684219065.6765792,21888,768,49920
1684219065.726577,21824,960,48448
1684219065.776578,21952,768,49152
1684219065.8265784,21184,4416,50944
1684219065.8765826,22208,4864,41152
1684219065.926581,22336,768,48384
1684219065.9765797,22336,1152,48896
1684219066.0265784,22272,4992,52224
1684219066.0765758,21120,6400,49664
1684219066.1265738,22144,832,54912
1684219066.176578,21824,2816,47744
1684219066.2265995,22272,704,49920
1684219066.2765753,22336,896,45760
1684219066.3265736,22272,4544,44032
1684219066.3765786,22528,768,49792
1684219066.4265738,22592,768,52352
1684219066.4765759,21760,10816,52352
1684219066.526596,22464,960,51584
1684219066.5765848,30912,5248,41088
1684219066.626577,22592,4416,51136
1684219066.676576,26304,832,52800
1684219066.726582,21120,5696,52608
1684219066.7765794,26048,4544,40512
1684219066.8265758,25664,1024,38144
1684219066.8765821,22528,704,50560
1684219066.9265845,22080,768,52480
1684219066.9766035,25856,5120,34752
1684219067.026574,22080,832,48832
1684219067.0765743,22144,1024,52992
1684219067.126573,21696,1408,50816
1684219067.1765778,22080,1024,51392
1684219067.2265763,21760,768,50944
1684219067.276574,21888,4800,48640
1684219067.3265717,21696,1088,50368
1684219067.3765762,20608,7808,39040
1684219067.4265747,21696,960,51648
1684219067.4765744,21696,768,49728
1684219067.5265744,24768,4160,40384
1684219067.576578,21696,768,50496
1684219067.6265757,21760,1600,53376
1684219067.6765745,21504,768,54144
1684219067.7265759,21824,768,49024
1684219067.7765765,21440,960,52096
1684219067.8265831,21696,960,48512
1684219067.8765962,21760,704,48576
1684219067.9265828,20800,4800,49792
1684219067.97658,21952,896,49344
1684219068.0265746,20608,2880,48704
1684219068.0765758,21696,5184,53888
1684219068.1265972,21760,832,49600
1684219068.176576,21120,24768,50368
1684219068.2265937,21760,41984,49408
1684219068.2765732,22144,47744,49280
1684219068.326571,21184,51136,49024
1684219068.3765786,22208,43520,48640
1684219068.426573,22528,46976,52352
1684219068.476574,26368,52544,40000
1684219068.5265758,22528,48576,49856
1684219068.576576,22528,49728,52352
1684219068.6265743,23040,51200,54208
1684219068.6765742,22144,52544,52608
1684219068.7265706,22464,53696,48640
1684219068.776576,22656,54720,49536
1684219068.8265727,23296,57728,50240
1684219068.8765814,22272,51520,54464
1684219068.9265764,22336,52992,50176
1684219068.9765773,21440,61888,48960
1684219069.026577,22016,61824,47488
1684219069.0765743,20864,62208,51648
1684219069.1265695,22016,62336,50240
1684219069.1766,22080,61312,48896
1684219069.2265732,20416,55040,51712
1684219069.276572,25600,55232,51968
1684219069.32657,20352,47104,49216
1684219069.3765743,21888,42560,51328
1684219069.4265726,21760,5248,48640
1684219069.4765682,21440,768,49344
1684219069.5265718,21824,4544,54016
1684219069.5765767,21888,4480,48000
1684219069.6265745,21760,6848,53888
1684219069.6765718,21760,4480,51968
1684219069.72657,21824,960,49088
1684219069.776574,35136,4608,45632
1684219069.8265717,27264,8832,56064
1684219069.8765788,20736,5632,50240
1684219069.9265752,21824,832,51072
1684219069.9765751,25088,10240,39936
1684219070.026575,25920,1216,40640
1684219070.0765765,22400,960,50112
1684219070.126571,21376,1024,48960
1684219070.1765738,22208,704,40768
1684219070.2265937,25792,5248,39360
1684219070.2765698,22144,768,49344
1684219070.3265674,22080,768,54272
1684219070.3765867,21760,1600,48192
1684219070.4265761,22144,1024,51648
1684219070.476573,22144,768,50880
1684219070.5265706,20992,5184,54272
1684219070.5765717,22080,832,47616
1684219070.6265724,24896,9024,43904
1684219070.676572,22080,960,51648
1684219070.7265685,22144,768,52800
1684219070.7765737,24832,10624,54080
1684219070.8265696,22208,768,47808
1684219070.8765771,21760,2752,51520
1684219070.9265766,22016,5056,53824
1684219070.976602,22016,896,52480
1684219071.0265727,22144,832,48192
1684219071.076566,21760,960,51200
1684219071.126576,21760,704,50048
1684219071.1765738,24384,8256,45824
1684219071.2265708,21696,1152,51904
1684219071.2765706,20672,4864,48512
1684219071.3265676,21760,5376,54400
1684219071.376572,21696,768,52224
1684219071.4265704,20672,5952,51776
1684219071.4765732,22144,768,52032
1684219071.5266018,21888,2432,48768
1684219071.5765805,22208,832,52160
1684219071.6265674,22144,832,53248
1684219071.676562,22144,832,40448
1684219071.7265723,22720,896,49088
1684219071.7765746,22528,768,51264
1684219071.8265712,21760,2752,53184
1684219071.8765764,26496,1024,52224
1684219071.926576,21440,896,56832
1684219071.9765744,22528,3648,60096
1684219072.0265987,22464,768,62144
1684219072.0765698,21376,3968,64064
1684219072.1265705,23552,960,63680
1684219072.1765738,26048,832,62400
1684219072.2265713,28544,832,62400
1684219072.2765696,33728,5056,65472
1684219072.3265686,39872,1216,62528
1684219072.3765717,832,704,64128
1684219072.426569,768,960,61312
1684219072.4765694,6080,1152,64640
1684219072.5265791,768,4800,58688
1684219072.5765753,768,832,61952
1684219072.6265702,704,3968,64512
1684219072.6765738,768,704,65472
1684219072.7265697,768,7104,65472
1684219072.776573,2176,1152,65472
1684219072.8265784,896,768,63552
1684219072.8765886,1664,3648,63488
1684219072.9265754,4608,960,51904
1684219072.9765732,4736,8192,63488
1684219073.026566,832,832,62592
1684219073.076569,4672,4544,52608
1684219073.1265652,6912,960,51456
1684219073.1765704,4608,1216,54400
1684219073.2265694,8704,4864,54464
1684219073.2765903,768,832,62144
1684219073.326565,960,1152,64832
1684219073.3765957,832,3328,62656
1684219073.4265678,1536,1280,63680
1684219073.4765675,832,768,63424
1684219073.5265796,9088,7104,54592
1684219073.5765746,832,1088,65088
1684219073.6265695,832,4480,50560
1684219073.6765673,1216,1024,65024
1684219073.7265654,704,768,65472
1684219073.7765698,4544,9408,54272
1684219073.8265688,832,896,63936
1684219073.876582,768,2432,64000
1684219073.9265718,9792,4992,64640
1684219073.9765723,768,960,65088
1684219074.02657,2176,832,65472
1684219074.0765676,704,960,63424
1684219074.1265662,704,768,62592
1684219074.1765983,4160,1408,65152
1684219074.2265723,704,1216,62976
1684219074.2765708,704,768,62016
1684219074.326566,6400,5312,54080
1684219074.3765688,640,768,62208
1684219074.4265945,2240,5568,65152
1684219074.476571,704,5376,65472
1684219074.5266128,768,6080,61952
1684219074.5765724,832,1216,61824
1684219074.6265903,768,832,63488
1684219074.6765625,768,3200,65088
1684219074.726563,3136,960,63168
1684219074.776569,768,832,62400
1684219074.8265667,2240,704,63872
1684219074.8765745,832,1152,65472
1684219074.9265707,768,768,62656
1684219074.9765797,6912,1152,61440
1684219075.026572,768,832,62208
1684219075.0765696,5760,3648,63744
1684219075.126565,896,1152,63488
1684219075.1765893,8704,4992,50496
1684219075.2265942,6848,1216,62976
1684219075.276573,4544,768,62848
1684219075.326564,768,6016,64512
1684219075.3765993,960,960,64576
1684219075.4265687,704,5120,65472
1684219075.4765818,704,832,61696
1684219075.526583,4608,896,63424
1684219075.576604,4608,4736,61440
1684219075.6265671,4544,4480,65472
1684219075.6765654,4736,4480,60736
1684219075.7265651,5760,5760,53760
1684219075.7765694,4672,5120,58304
1684219075.826566,8640,9088,65408
1684219075.8765733,5312,4800,64320
1684219075.926571,704,768,61312
1684219075.976569,8000,8192,52288
1684219076.02657,4608,1344,53696
1684219076.076566,4608,1024,57856
1684219076.126565,832,5952,61248
1684219076.1765678,896,960,64384
1684219076.226568,4416,7360,51840
1684219076.2765625,2240,832,64448
1684219076.3265636,768,960,65472
1684219076.3765678,5376,768,61184
1684219076.4265904,832,1152,65088
1684219076.4765637,832,768,65088
1684219076.526592,5440,3264,64960
1684219076.5765722,768,1344,63552
1684219076.6265604,4160,8192,57856
1684219076.6765645,768,1408,65024
1684219076.7265654,768,768,64448
1684219076.7765694,4544,10112,54400
1684219076.8265643,768,1152,61120
1684219076.8765743,768,3584,65408
1684219076.9265683,4544,4992,60352
1684219076.9765694,704,832,65472
1684219077.026566,2688,896,63104
1684219077.0765874,768,960,62784
1684219077.1265624,704,768,62976
1684219077.1765928,5056,832,61568
1684219077.2265627,768,1152,63744
1684219077.276593,5312,704,65472
1684219077.3265648,768,1152,62336
1684219077.3765903,768,768,62528
1684219077.4265637,1280,5952,65024
1684219077.476591,768,5312,64960
1684219077.5265822,704,4480,62080
1684219077.5765963,896,960,65216
1684219077.6265652,768,768,63296
1684219077.6765668,704,3648,62208
1684219077.7265651,960,896,63424
1684219077.7765665,704,2816,62400
1684219077.8265753,1472,4480,65472
1684219077.8765864,832,4608,52800
1684219077.926574,5376,768,62144
1684219077.976568,768,768,65024
1684219078.0265667,768,768,61952
1684219078.0765653,4160,2368,63488
1684219078.1265643,832,1088,63744
1684219078.1765678,768,768,63488
1684219078.2265663,2240,1408,62464
1684219078.276565,4480,5056,57344
1684219078.3265612,832,8000,65472
1684219078.3765664,704,960,63872
1684219078.426588,6912,9152,65472
1684219078.4765625,768,832,65408
1684219078.5265737,896,832,65472
1684219078.5765681,832,3200,61440
1684219078.6265633,4736,4480,63296
1684219078.6765633,4800,4672,51968
1684219078.7265596,8704,832,63488
1684219078.776566,4608,1344,55552
1684219078.8265624,5248,4928,55616
1684219078.876572,896,2752,64384
1684219078.9265661,832,832,63936
1684219078.9765682,896,2816,63104
1684219079.026566,768,1344,62336
1684219079.076585,832,768,63936
1684219079.1265593,4480,2816,64576
1684219079.17659,832,768,64256
1684219079.2265632,4544,10944,52864
1684219079.276562,704,1152,65472
1684219079.3265603,768,832,65472
1684219079.3765647,4480,960,63552
1684219079.426564,768,832,65472
1684219079.476562,1856,1344,64448
1684219079.5265741,4480,4864,54272
1684219079.5765636,768,960,64576
1684219079.6265666,896,832,63040
1684219079.676563,1792,1152,61440
1684219079.7265604,768,832,63168
1684219079.7765648,9152,5184,53824
1684219079.8265593,704,1344,63424
1684219079.8765793,768,3648,61952
1684219079.9265683,4544,5248,52928
1684219079.9765673,768,832,63040
1684219080.026568,1472,5952,64896
1684219080.0765648,704,768,61824
1684219080.1265612,768,5632,62592
1684219080.1766074,704,4480,53504
1684219080.2266116,4544,4480,54592
1684219080.2765567,768,3072,63424
1684219080.326544,768,960,62400
1684219080.3765888,768,5056,65472
1684219080.4266062,19456,768,64512
1684219080.476596,960,5376,65472
1684219080.5265863,768,768,62848
1684219080.5765574,768,1344,61696
1684219080.6265507,768,768,65152
1684219080.676558,5376,5184,64000
1684219080.7265606,832,1472,64000
1684219080.7765708,768,5632,61696
1684219080.826561,768,1152,65280
1684219080.8765707,4736,4544,53376
1684219080.9265645,768,6016,65472
1684219080.9765666,768,960,64384
1684219081.0265648,768,3328,61568
1684219081.0765834,3008,768,62912
1684219081.1265583,896,4672,65472
1684219081.1765876,768,4608,65472
1684219081.2265608,6144,1152,60672
1684219081.2765605,768,8896,58560
1684219081.3265576,9280,7808,58816
1684219081.3765628,4736,5120,65472
1684219081.4265614,4928,4480,65472
1684219081.4765553,768,1408,61568
1684219081.5265882,768,832,65472
1684219081.5765703,4864,10624,65408
1684219081.6265564,5888,1024,63424
1684219081.676554,4544,832,61952
1684219081.726559,1088,832,63104
1684219081.7765815,768,960,64448
1684219081.8265736,960,896,65472
1684219081.8765728,4480,768,63872
1684219081.926566,768,768,61312
1684219081.9765596,5248,1664,65472
1684219082.0265574,896,1408,64704
1684219082.0765755,768,704,64640
1684219082.1265702,768,8640,64832
1684219082.1765754,768,832,63616
1684219082.2265909,4928,6080,52544
1684219082.2765558,768,1152,64960
1684219082.3265562,768,832,63360
1684219082.376562,4480,9088,65472
1684219082.4265594,768,832,64064
1684219082.4765594,832,1984,65472
1684219082.5265672,4672,4864,53056
1684219082.5765646,768,960,62272
1684219082.6265602,3712,768,62912
1684219082.676562,768,1152,63488
1684219082.726558,768,768,64576
1684219082.7765608,9920,5568,52096
1684219082.8265772,768,5504,65472
1684219082.8765783,3712,4032,62400
1684219082.9265668,4544,5568,52928
1684219082.9765656,768,768,62528
1684219083.026563,1536,4032,63808
1684219083.0765586,768,1152,62784
1684219083.1265569,768,4416,65472
1684219083.1765862,1728,1088,63168
1684219083.2265584,768,832,61376
1684219083.2765584,768,4352,65152
1684219083.3265557,768,832,62400
1684219083.376559,768,1344,63424
1684219083.4265583,2560,768,64960
1684219083.4765587,768,5248,65088
1684219083.5265753,5696,768,65472
1684219083.5765631,704,1152,62464
1684219083.626561,768,768,62464
1684219083.6765578,768,3968,62720
1684219083.726556,960,1216,62592
1684219083.7765615,768,768,65344
1684219083.8265605,4544,1152,64768
1684219083.8765664,4608,1280,63616
1684219083.9265625,2240,4032,65472
1684219083.97656,832,1152,65472
1684219084.0265613,768,6016,65472
1684219084.0765765,832,1024,65280
1684219084.1265686,768,832,64064
1684219084.176563,5248,6144,58368
1684219084.2265854,4608,4480,54016
1684219084.2765543,4608,4608,53312
1684219084.326556,7232,832,62528
1684219084.3765588,704,4928,54464
1684219084.426556,4608,9024,55040
1684219084.4765577,6784,1344,51456
1684219084.5265675,832,832,65472
1684219084.576562,6528,2816,62464
1684219084.6265585,832,1408,64064
1684219084.6765578,1024,896,61568
1684219084.7265549,3328,1408,63872
1684219084.7765598,832,832,62976
1684219084.8265574,4608,10944,65472
1684219084.8765635,768,960,63872
1684219084.9265616,768,768,64320
1684219084.9765718,768,832,55168
1684219085.0265605,768,832,62528
1684219085.0765555,832,960,65472
1684219085.1265557,832,1152,63808
1684219085.1765864,768,768,62912
1684219085.2265568,4480,1024,52032
1684219085.276556,768,1152,64960
1684219085.3265553,768,768,64832
1684219085.3765798,6080,2368,65280
1684219085.4265645,768,832,62656
1684219085.476556,4544,5184,64576
1684219085.5265682,4608,5568,53888
1684219085.5765615,704,768,62848
1684219085.6265593,1600,5952,62400
1684219085.6765566,768,832,62976
1684219085.726556,704,5568,65472
1684219085.776559,4544,5120,53824
1684219085.8265567,768,832,63936
1684219085.8765707,768,768,62144
1684219085.9265616,4544,5248,58304
1684219085.9765596,768,768,63680
1684219086.0265853,6464,768,65472
1684219086.0765555,768,1216,62912
1684219086.1265533,5312,4032,61888
1684219086.1765556,960,1536,53184
1684219086.2265553,832,768,63104
1684219086.276556,4928,4736,65472
1684219086.3265524,4544,832,61120
1684219086.3765578,3008,5632,65408
1684219086.426555,768,1152,65472
1684219086.476559,768,5120,65472
1684219086.5266125,896,9792,53696
1684219086.5765657,768,832,61696
1684219086.6265519,768,2816,64320
1684219086.676551,2944,768,65472
1684219086.7265577,4480,4672,54976
1684219086.776563,704,768,62464
1684219086.826558,768,1152,65472
1684219086.8765647,1024,768,64320
1684219086.9265602,5248,4096,65472
1684219086.9765613,4672,5184,54016
1684219087.026558,3840,4864,61632
1684219087.0765765,4608,5120,62976
1684219087.1265552,4736,4480,59200
1684219087.176586,4480,6528,61440
1684219087.226556,768,1152,63808
1684219087.2765539,4672,7040,52992
1684219087.3265784,832,832,58624
1684219087.376592,768,960,64448
1684219087.426561,960,4544,65472
1684219087.476547,768,768,64000
1684219087.5265563,768,832,63936
1684219087.576564,5632,1152,65472
1684219087.6265814,704,1152,64448
1684219087.676563,4672,832,63552
1684219087.726558,832,1408,64448
1684219087.7765622,768,768,65472
1684219087.8265758,832,5120,65472
1684219087.8765738,768,1152,65472
1684219087.9265587,768,768,64512
1684219087.9765642,832,960,63296
1684219088.0265872,768,768,65472
1684219088.0765553,896,2816,65472
1684219088.1265543,768,960,62208
1684219088.17656,768,832,62400
1684219088.2265568,2944,960,54592
1684219088.2765546,768,960,64448
1684219088.3265526,768,768,63040
1684219088.3765612,4544,1024,62528
1684219088.4265585,704,768,62848
1684219088.476556,2944,3584,65472
1684219088.526557,768,1152,65472
1684219088.5765593,768,768,62528
1684219088.6265574,3072,3584,64128
1684219088.676555,704,832,62720
1684219088.7265522,768,3968,65280
1684219088.7765598,896,1024,64256
1684219088.826559,704,832,63424
1684219088.8765628,768,832,61568
1684219088.9265602,768,5056,65472
1684219088.9765599,768,2816,63104
1684219089.0265613,768,768,65152
1684219089.0765781,768,1024,65472
1684219089.126554,4544,832,62784
1684219089.1765575,768,4864,65472
1684219089.2265575,1280,832,63488
1684219089.2765548,1088,2816,64512
1684219089.326551,4544,5248,53504
1684219089.3765695,4480,2944,65472
1684219089.4266884,5248,1408,62656
1684219089.4765615,4608,9088,53248
1684219089.526559,3712,3648,65472
1684219089.576562,4672,960,61248
1684219089.6265755,4608,7040,62720
1684219089.6765585,768,1152,63232
1684219089.726552,4544,4736,54080
1684219089.77656,2688,4480,63104
1684219089.8265553,4608,1536,52672
1684219089.8816772,1600,896,62912
1684219089.9265902,896,4480,65472
1684219089.976559,4608,5248,64064
1684219090.0265532,4864,768,64064
1684219090.076539,2560,1152,64320
1684219090.1265793,768,768,64576
1684219090.1765506,6912,1984,64640
1684219090.226581,896,1216,65472
1684219090.2765524,768,4416,64384
1684219090.326579,768,1408,62400
1684219090.376561,768,768,65472
1684219090.4265888,4800,10560,65472
1684219090.4765487,768,1216,65472
1684219090.526553,768,5248,64192
1684219090.5765502,704,960,65472
1684219090.6265552,768,896,65472
1684219090.6765532,1024,2048,64000
1684219090.7265513,1024,768,63808
1684219090.776549,768,832,63872
1684219090.8265538,9088,4992,58880
1684219090.8765786,768,5440,65472
1684219090.9265585,768,832,65472
1684219090.9765496,6080,1408,64320
1684219091.0265467,704,768,64320
1684219091.076605,4992,9408,64256
1684219091.126553,768,1408,63552
1684219091.176573,768,832,63552
1684219091.2265556,768,1216,62144
1684219091.276574,704,832,64448
1684219091.32655,768,5952,65472
1684219091.376547,4544,5120,53312
1684219091.4265542,768,2880,61248
1684219091.476551,3008,896,65472
1684219091.526588,960,1152,65472
1684219091.5765634,768,832,63552
1684219091.626565,5760,1408,65280
1684219091.6765563,768,704,62016
1684219091.7265482,5248,3968,65216
1684219091.7765496,4544,1728,60160
1684219091.8265538,768,768,63424
1684219091.8766212,4928,4800,62400
1684219091.9265604,768,832,65472
1684219091.976551,1216,6400,62976
1684219092.026551,832,1152,65024
1684219092.0765512,768,896,62976
1684219092.1265569,768,1024,61760
1684219092.1765492,896,1088,63552
1684219092.2265785,832,1408,62912
1684219092.2765508,2624,768,64320
1684219092.3265717,4544,5120,52736
1684219092.3765466,5696,7680,65472
1684219092.426575,832,5632,65472
1684219092.4765632,8640,9088,55424
1684219092.5265784,8832,7488,53888
1684219092.5765483,832,1408,52352
1684219092.626576,2624,9472,65472
1684219092.6765635,4608,1344,59712
1684219092.7265782,8832,4416,51136
1684219092.7765458,768,5632,62464
1684219092.8266094,832,832,63552
1684219092.8769803,768,3264,63616
1684219092.926555,960,832,65408
1684219092.976546,1344,4544,63808
1684219093.0265381,2624,1600,64000
1684219093.076549,896,1088,63424
1684219093.1265502,896,1152,64640
1684219093.176547,5696,960,64768
1684219093.2265518,768,1152,63232
1684219093.2765496,7936,832,62912
1684219093.3265498,832,1408,65472
1684219093.3765476,768,768,64640
1684219093.4265487,832,4800,65152
1684219093.4765496,832,1344,65472
1684219093.5265503,832,4416,64256
1684219093.5765457,2560,1024,64064
1684219093.6265512,768,832,65472
1684219093.676572,960,4032,61312
1684219093.7265491,832,1024,64832
1684219093.7765453,768,2368,63040
1684219093.8265512,5120,4928,65472
1684219093.8777478,4544,1152,51776
1684219093.9265559,5312,832,65472
1684219093.976549,768,1216,62336
1684219094.0265546,832,768,63360
1684219094.0765467,2624,3648,64896
1684219094.1265492,768,1152,62464
1684219094.1765463,832,832,64512
1684219094.2265491,4480,1408,62400
1684219094.2765489,768,896,64448
1684219094.3265488,3392,3584,63872
1684219094.3765454,4544,5376,53824
1684219094.4265752,832,832,62400
1684219094.4765472,768,1024,65344
1684219094.5265496,768,832,65472
1684219094.5765445,896,2880,64896
1684219094.6265507,832,896,64448
1684219094.6765482,704,832,62464
1684219094.7265487,3392,832,65024
1684219094.7765453,1856,1280,55680
1684219094.8265505,1088,832,63360
1684219094.8783174,1856,1600,64512
1684219094.9265554,768,768,61760
1684219094.97655,768,2368,61888
1684219095.026554,768,1344,64960
1684219095.0765462,768,704,65472
1684219095.126549,4480,3200,61440
1684219095.1765447,832,4608,63360
1684219095.2265499,896,6784,62912
1684219095.2765725,768,4992,65472
1684219095.3265483,4544,9216,61568
1684219095.3765528,960,1024,64256
1684219095.4265523,832,832,64000
1684219095.4765537,4544,7808,61120
1684219095.5265527,4672,896,61952
1684219095.5765452,960,960,65472
1684219095.6265516,960,832,62336
1684219095.6765468,768,1152,63424
1684219095.7265475,1088,1088,55488
1684219095.776543,6912,1024,65024
1684219095.8265498,832,832,63232
1684219095.876546,9216,8704,62656
1684219095.9266489,768,1408,65024
1684219095.9765465,768,832,64960
1684219096.0265539,2112,5952,65472
1684219096.0765476,896,832,64192
1684219096.1265466,896,6400,65472
1684219096.176542,768,1024,64512
1684219096.226575,768,832,65472
1684219096.2765431,4480,3328,53568
1684219096.3265476,832,1024,61888
1684219096.3765438,768,832,64704
1684219096.4265482,17984,4992,65472
1684219096.4765608,768,1152,62656
1684219096.5265815,768,2880,60480
1684219096.576555,768,1408,65472
1684219096.6265388,832,832,65152
1684219096.6765468,5120,5184,63488
1684219096.7265472,768,1408,63744
1684219096.7765446,3008,5632,61504
1684219096.8265486,4608,5312,61248
1684219096.876546,832,832,65472
1684219096.926562,768,5568,64128
1684219096.976549,4736,4992,61056
1684219097.0265512,768,1600,63104
1684219097.0765445,4544,768,64512
1684219097.1265423,768,1152,62528
1684219097.1765454,832,832,63936
1684219097.226547,768,1408,61568
1684219097.2765698,768,768,63168
1684219097.3265462,5312,4352,64832
1684219097.3765442,4544,5824,53120
1684219097.426547,3008,832,62080
1684219097.476546,768,1152,62400
1684219097.5265474,832,832,62464
1684219097.5765438,768,5632,62976
1684219097.6265452,832,896,63616
1684219097.676551,768,832,65088
1684219097.7265487,1536,768,64768
1684219097.7765427,1728,1088,59648
1684219097.8265722,4608,5056,59264
1684219097.8765528,768,704,61696
1684219097.9265485,768,768,62272
1684219097.97654,5312,2368,64896
1684219098.0265481,832,10688,65472
1684219098.076546,768,4864,62016
1684219098.1265407,768,9472,65472
1684219098.1765456,4736,4416,57600
1684219098.2265742,4928,9152,65408
1684219098.276546,4736,4928,65472
1684219098.3265674,4608,4992,52672
1684219098.3765426,4992,1216,51712
1684219098.42657,4736,3776,53568
1684219098.4765558,4544,7040,54592
1684219098.5265772,960,768,62144
1684219098.5765448,1152,1088,65472
1684219098.6265447,3904,1024,62400
1684219098.6765425,896,1152,64192
1684219098.7265444,4608,1152,55616
1684219098.7765417,704,1408,62208
1684219098.826546,896,1216,65472
1684219098.8765452,1280,5696,65280
1684219098.9265585,768,1344,63488
1684219098.9765437,832,832,52928
1684219099.0265417,3008,6976,65472
1684219099.0765433,832,832,63936
1684219099.1265452,1216,4416,65088
1684219099.1765437,1216,896,63424
1684219099.2265463,768,832,63296
1684219099.276544,4544,11648,54080
1684219099.326544,768,832,63552
1684219099.3765416,768,1984,65472
1684219099.426546,832,4992,65152
1684219099.476606,768,5248,65472
1684219099.5265806,4544,832,61440
1684219099.5765676,768,1152,64768
1684219099.626546,768,704,64384
1684219099.676534,6080,2880,64512
1684219099.726544,768,1152,63488
1684219099.7765808,768,2880,65024
1684219099.8265471,6848,1408,64960
1684219099.8765364,768,832,63232
1684219099.9265547,1728,4800,63744
1684219099.976545,4544,5312,53184
1684219100.0265508,768,6464,62912
1684219100.076548,832,1024,63552
1684219100.1265695,768,832,63296
1684219100.1765404,1024,3264,63808
1684219100.2265685,832,960,61312
1684219100.2765443,768,832,62976
1684219100.3265653,768,768,63552
1684219100.376555,896,4864,62720
1684219100.4265778,768,832,61888
1684219100.476544,3712,1088,61440
1684219100.5265439,768,4928,64704
1684219100.5765424,6528,2752,62848
1684219100.6265457,832,1344,63872
1684219100.6765382,768,768,62464
1684219100.726542,3392,1408,65472
1684219100.776541,960,832,62016
1684219100.8265445,768,6784,65472
1684219100.8765426,704,4928,65472
1684219100.9265563,832,4544,64384
1684219100.9765449,832,896,62400
1684219101.026547,4736,4544,53376
1684219101.0765426,4672,4800,51456
1684219101.1265414,5760,1728,53184
1684219101.1765392,832,768,63040
1684219101.2265425,6592,768,62208
1684219101.276563,832,1216,64192
1684219101.3265426,4480,4992,49024
1684219101.3765395,5312,3264,64512
1684219101.4265401,768,768,63936
1684219101.47655,8704,5184,64064
1684219101.526573,768,1344,65472
1684219101.5765529,768,832,62976
1684219101.6265478,1792,1216,60928
1684219101.6765423,768,896,65472
1684219101.7265375,1152,5696,63488
1684219101.7765532,768,960,65472
1684219101.826547,768,1024,65472
1684219101.8765416,4160,768,61440
1684219101.9265635,768,18880,65472
1684219101.9765522,768,768,65216
1684219102.0265481,5696,6464,65472
1684219102.0765424,768,1344,60288
1684219102.1265538,5312,5248,65472
1684219102.1765428,768,1408,62976
1684219102.2265437,704,832,62720
1684219102.2765388,7936,5312,53952
1684219102.3265648,768,832,61440
1684219102.3765392,832,6336,65472
1684219102.4265697,4608,5184,65472
1684219102.4765422,704,768,64128
1684219102.5265417,1280,3200,63744
1684219102.5765393,768,960,62720
1684219102.6265423,768,768,63872
1684219102.6765523,5248,768,65280
1684219102.7265418,768,1152,62656
1684219102.7765384,5312,2816,61120
1684219102.8265743,832,5184,65472
1684219102.8765497,832,768,62400
1684219102.9265609,4608,8192,53184
1684219102.9765434,768,1344,62400
1684219103.0265396,896,6400,63616
1684219103.076542,832,1216,65088
1684219103.1265414,768,832,62656
1684219103.1765406,768,3968,62976
1684219103.2265396,960,1024,63616
1684219103.2765412,768,1600,62464
1684219103.3265364,1216,768,64000
1684219103.3765397,4480,1152,56256
1684219103.4265435,4928,832,62400
1684219103.476541,768,1152,61440
1684219103.5265381,768,5056,65472
1684219103.5765386,5312,6592,65472
1684219103.6265442,832,1152,63360
1684219103.6765652,1088,14464,65472
1684219103.7265387,768,1216,65408
1684219103.7765372,4736,4352,47296
1684219103.8265407,4672,7872,58112
1684219103.876539,832,1088,63808
1684219103.926566,768,896,63808
1684219103.9765456,1088,1152,63936
1684219104.0265393,4672,2944,65472
1684219104.0765343,768,4032,61696
1684219104.1265864,4672,8384,65024
1684219104.1765392,1024,1088,63424
1684219104.226568,3776,768,64512
1684219104.2765372,896,1152,65088
1684219104.3265383,9600,5056,52800
1684219104.3765376,832,1152,65024
1684219104.4265416,768,768,64256
1684219104.476827,896,4416,64448
1684219104.5265405,768,1344,62144
1684219104.5765378,768,768,65152
1684219104.6265407,4864,2816,63232
1684219104.6765404,768,768,65472
1684219104.7265399,1472,5440,53056
1684219104.7765353,768,1088,64512
1684219104.8265407,832,768,64320
1684219104.8765373,768,1024,63360
1684219104.9265614,704,11712,65472
1684219104.976547,1088,3200,63552
1684219105.026545,704,5120,65472
1684219105.0765414,768,960,64896
1684219105.126539,3328,704,63104
1684219105.1765366,768,1152,61440
1684219105.2265418,768,704,64064
1684219105.276538,3136,1664,60288
1684219105.3265388,768,768,62016
1684219105.3765469,768,2880,63744
1684219105.426543,4544,5504,52608
1684219105.476564,768,832,62912
1684219105.5265346,1792,5952,65088
1684219105.576537,768,768,62336
1684219105.6265414,768,6336,62080
1684219105.6765378,832,1216,64448
1684219105.7265394,704,832,62720
1684219105.7765338,704,3584,63488
1684219105.8265405,768,832,53120
1684219105.8765326,768,960,62400
1684219105.926562,4672,1088,61888
1684219105.9765437,4352,1216,55872
1684219106.0265439,768,768,61440
1684219106.076538,832,1216,64128
1684219106.1265602,704,704,65472
1684219106.1765342,5312,4800,65472
1684219106.226565,832,5120,65472
1684219106.2765377,768,5248,65408
1684219106.326536,768,1344,65472
1684219106.3765357,8512,4416,53120
1684219106.4265404,1024,10048,65472
1684219106.4765377,4672,4928,56256
1684219106.5265653,768,5184,64000
1684219106.5765412,4736,4736,64000
1684219106.6265352,896,5184,63488
1684219106.6765323,960,2112,61824
1684219106.726538,2304,1280,60992
1684219106.7765365,832,768,64128
1684219106.8265355,6528,1024,62976
1684219106.8765366,832,1216,64704
1684219106.9265583,768,768,65472
1684219106.9765425,704,1344,61760
1684219107.0265427,832,832,65472
1684219107.0765617,4864,5248,65472
1684219107.1265366,832,1408,65216
1684219107.1765335,832,5632,60864
1684219107.2265384,768,1216,65472
1684219107.276536,768,832,65472
1684219107.3265333,4544,6208,53184
1684219107.376536,768,1152,63488
1684219107.4265394,768,2816,61312
1684219107.476533,7168,4928,65472
1684219107.526873,4608,1344,56576
1684219107.5765374,768,768,65472
1684219107.6265392,768,1152,65088
1684219107.676541,704,768,62528
1684219107.7265403,4928,4736,63616
1684219107.7765338,768,1600,63488
1684219107.8265693,768,704,63232
1684219107.8765442,768,1408,61376
1684219107.9265609,768,5120,65472
1684219107.9765418,768,6336,64576
1684219108.0265381,768,960,64896
1684219108.0765305,768,768,64128
1684219108.1265848,896,768,64000
1684219108.1765344,768,960,65472
1684219108.226564,768,704,64704
1684219108.2765365,4288,896,61952
1684219108.326532,768,1152,63680
1684219108.3765342,5696,1408,64960
1684219108.4265382,4544,5568,53184
1684219108.4765356,768,768,63424
1684219108.5265324,768,4352,63744
1684219108.576535,704,768,61952
1684219108.6265366,768,5248,64064
1684219108.6765325,832,1216,63424
1684219108.7265372,704,768,61952
1684219108.776534,896,4800,63488
1684219108.8265386,768,832,62208
1684219108.8765345,768,2880,63104
1684219108.9265568,4672,960,63680
1684219108.976541,4416,1088,58176
1684219109.0265386,2944,1344,65088
1684219109.076559,768,960,65472
1684219109.1265352,768,768,65472
1684219109.1765335,6080,960,61952
1684219109.2265377,960,4864,65280
1684219109.2765348,3392,7488,64768
1684219109.326534,4736,5120,65472
1684219109.3765514,768,896,63296
1684219109.4265354,3008,3968,63552
1684219109.4765277,768,1216,65472
1684219109.5265272,4672,7808,52288
1684219109.5765467,3264,960,64512
1684219109.6265678,768,832,63808
1684219109.6765358,960,5696,61504
1684219109.7265346,896,960,61504
1684219109.776533,1152,3264,65472
1684219109.8265371,832,768,64960
1684219109.8765335,768,960,65472
1684219109.9265585,4544,768,65344
1684219109.9765399,768,1152,63744
1684219110.0265439,704,704,63424
1684219110.0765376,768,6592,64832
1684219110.1265354,768,1152,65216
1684219110.1765327,768,768,65472
1684219110.2265365,3712,1408,64000
1684219110.2765355,704,768,62848
1684219110.3265333,8320,3392,54784
1684219110.3765402,768,9408,65472
1684219110.4265387,768,6784,63488
1684219110.4765341,4672,5376,65472
1684219110.5265431,768,832,62336
1684219110.5765362,768,5184,65472
1684219110.6265354,704,1152,65472
1684219110.676561,768,1984,62144
1684219110.7265332,1536,832,62400
1684219110.776531,768,960,63488
1684219110.826536,1024,832,65408
1684219110.8765287,5632,1024,61760
1684219110.9265535,768,9024,65472
1684219110.9765394,5312,960,63232
1684219111.0265365,4608,5440,65472
1684219111.076528,768,832,63040
1684219111.1265352,5696,1408,62400
1684219111.17653,768,704,65152
1684219111.226535,3776,5184,64320
1684219111.2765324,960,1408,61376
1684219111.326533,768,832,62720
1684219111.3765287,896,1152,61504
1684219111.426532,4480,4992,57152
1684219111.4765325,768,4800,63488
1684219111.52706,4416,1024,62848
1684219111.5765402,8640,5760,56000
1684219111.626654,1088,4928,65280
