Time,Right Hand Signal,Head Signal,Strain Gauge Signal
1684300315.0515172,1832.0,4316.8,60064.0
1684300315.1003766,1832.0,4414.4,60088.0
1684300315.1503494,1748.8,4484.8,60096.0
1684300315.2006187,1748.8,4424.0,59849.6
1684300315.2506516,1752.0,4401.6,59889.6
1684300315.3009465,1752.0,4422.4,59936.0
1684300315.3508453,1752.0,4419.2,59908.8
1684300315.4008014,1680.0,4486.4,59990.4
1684300315.450895,1680.0,4387.2,60118.4
1684300315.5008125,1596.8,4366.4,60156.8
1684300315.5508099,1585.6,4339.2,60272.0
1684300315.60088,1585.6,4200.0,60227.2
1684300315.6508925,1502.4,4179.2,60550.4
1684300315.7008047,1504.0,4137.6,60371.2
1684300315.7508109,1502.4,4086.4,60316.8
1684300315.800783,1502.4,4147.2,60670.4
1684300315.8508575,1500.8,4201.6,60673.6
1684300315.900806,1500.8,4185.6,60648.0
1684300315.9508324,1502.4,4273.6,60708.8
1684300316.0007882,1504.0,4230.4,60945.6
1684300316.050847,1504.0,4257.6,60993.6
1684300316.10081,1456.0,4270.4,60964.8
1684300316.1509886,1456.0,4340.8,61280.0
1684300316.2009103,1456.0,4430.4,61459.2
1684300316.2508838,1374.4,4403.2,61486.4
1684300316.3009105,1372.8,4284.8,61609.6
1684300316.3508003,1374.4,4248.0,61713.6
1684300316.4007986,1464.0,4347.2,61612.8
1684300316.4508455,1464.0,4296.0,61457.6
1684300316.5007951,1459.2,4198.4,61548.8
1684300316.5507746,1459.2,4187.2,61795.2
1684300316.6007783,1459.2,4265.6,61832.0
1684300316.6508422,1380.8,4384.0,61857.6
1684300316.7008307,1380.8,4457.6,61800.0
1684300316.7507782,1380.8,4476.8,61852.8
1684300316.800774,1459.2,4625.6,61560.0
1684300316.850823,1473.6,4824.0,61446.4
1684300316.9008183,1390.4,4825.6,61467.2
1684300316.9507692,1393.6,4892.8,61608.0
1684300317.0007892,1310.4,4761.6,61550.4
1684300317.051173,1230.4,4761.6,61622.4
1684300317.1009276,1308.8,4772.8,61374.4
1684300317.1510184,1310.4,4723.2,61340.8
1684300317.2008543,1315.2,4692.8,61654.4
1684300317.2509,1313.6,4867.2,61736.0
1684300317.3009386,1313.6,4876.8,61771.2
1684300317.3508809,1315.2,4875.2,61822.4
1684300317.4009387,1307.2,4798.4,61758.4
1684300317.4509163,1307.2,4798.4,61742.4
1684300317.5008028,1387.2,4900.8,61468.8
1684300317.5510361,1388.8,5022.4,61515.2
1684300317.6008618,1388.8,5012.8,61542.4
1684300317.650889,1388.8,4985.6,61462.4
1684300317.7007947,1302.4,4936.0,61721.6
1684300317.7508051,1304.0,4904.0,61825.6
1684300317.8007712,1304.0,5144.0,61812.8
1684300317.8508747,1305.6,5020.8,61726.4
1684300317.9007788,1308.8,5049.6,61796.8
1684300317.9507952,1308.8,4992.0,61731.2
1684300318.0009224,1308.8,4992.0,61723.2
1684300318.0508842,1312.0,4960.0,61713.6
1684300318.100805,1308.8,4948.8,61678.4
1684300318.151044,1308.8,4947.2,61648.0
1684300318.200841,1385.6,4868.8,61646.4
1684300318.250921,1385.6,4857.6,61659.2
1684300318.3009171,1385.6,4857.6,61646.4
1684300318.3514194,1382.4,4896.0,61668.8
1684300318.4008179,1294.4,4817.6,61728.0
1684300318.4505794,1294.4,4745.6,61513.6
1684300318.4996383,1294.4,4726.4,61504.0
1684300318.5494657,1294.4,4708.8,61515.2
1684300318.600831,1294.4,4648.0,61601.6
1684300318.6509967,1457.6,4627.2,61174.4
1684300318.700824,1457.6,4568.0,61204.8
1684300318.7508037,1460.8,4569.6,61185.6
1684300318.8008177,1384.0,4513.6,61441.6
1684300318.8508472,1371.2,4412.8,61372.8
1684300318.900824,1449.6,4411.2,61340.8
1684300318.9507692,1448.0,4480.0,61270.4
1684300319.000792,1448.0,4510.4,61246.4
1684300319.0508451,1531.2,4699.2,60824.0
1684300319.1008306,1456.0,4622.4,61064.0
1684300319.150989,1456.0,4592.0,61185.6
1684300319.2009628,1532.8,4624.0,61110.4
1684300319.2508779,1532.8,4462.4,61057.6
1684300319.3009553,1531.2,4430.4,61051.2
1684300319.3507984,1531.2,4411.2,60972.8
1684300319.401117,1531.2,4420.8,60977.6
1684300319.4515715,1531.2,4420.8,60606.4
1684300319.5012958,1451.2,4332.8,60553.6
1684300319.5499535,1451.2,4424.0,60508.8
1684300319.5998728,1451.2,4462.4,60582.4
1684300319.65092,1451.2,4510.4,60640.0
1684300319.700824,1451.2,4611.2,60604.8
1684300319.7508214,1532.8,4712.0,60393.6
1684300319.80079,1532.8,4411.2,60339.2
1684300319.8509905,1532.8,4529.6,60392.0
1684300319.9008496,1529.6,4603.2,60329.6
1684300319.950846,1742.4,4612.8,60326.4
1684300320.000789,2409.6,4582.4,60372.8
1684300320.050846,3067.2,4486.4,60392.0
1684300320.100817,3676.8,4488.0,60433.6
1684300320.1511047,4321.6,4417.6,60473.6
1684300320.2008774,4929.6,4408.0,60462.4
1684300320.250911,5606.4,4417.6,60473.6
1684300320.3008995,6292.8,4448.0,60537.6
1684300320.3508105,6952.0,4446.4,60476.8
1684300320.400786,7566.4,4436.8,60468.8
1684300320.4509506,8238.4,4468.8,60737.6
1684300320.5008159,8859.2,4595.2,60662.4
1684300320.5507884,9496.0,4633.6,60704.0
1684300320.6007836,10144.0,4614.4,60641.6
1684300320.6508636,10617.6,4604.8,60963.2
1684300320.700826,11209.6,4574.4,61001.6
1684300320.7507746,11782.4,4555.2,60945.6
1684300320.800761,12345.6,4449.6,60896.0
1684300320.8508244,12910.4,4430.4,60742.4
1684300320.9007769,13408.0,4395.2,60672.0
1684300320.9507587,13960.0,4336.0,60513.6
1684300321.0007825,14598.4,4364.8,60417.6
1684300321.050826,15140.8,4187.2,60726.4
1684300321.1008205,15681.6,4176.0,60550.4
1684300321.15119,16217.6,4225.6,60467.2
1684300321.200876,16668.8,4204.8,60388.8
1684300321.25087,17201.6,4182.4,60292.8
1684300321.3008559,17734.4,4332.8,60142.4
1684300321.3507915,18268.8,4366.4,60046.4
1684300321.4007707,18808.0,4435.2,59976.0
1684300321.450852,19344.0,4424.0,60168.0
1684300321.5008414,19876.8,4430.4,60355.2
1684300321.5508096,20409.6,4236.8,60140.8
1684300321.600803,20944.0,4257.6,59961.6
1684300321.6508815,21478.4,4276.8,59777.6
1684300321.7007895,22094.4,4384.0,59465.6
1684300321.7507885,22547.2,4432.0,59446.4
1684300321.80077,23072.0,4603.2,59236.8
1684300321.8508534,23604.8,4704.0,59060.8
1684300321.9008021,24137.6,4641.6,58865.6
1684300321.9507926,24449.6,4761.6,58718.4
1684300322.0008636,24328.0,4852.8,58424.0
1684300322.0510366,24201.6,5001.6,58129.6
1684300322.1008568,24128.0,5001.6,57912.0
1684300322.151162,24017.6,5073.6,57433.6
1684300322.2008073,23867.2,5060.8,57208.0
1684300322.2508533,23724.8,5049.6,56888.0
1684300322.300815,23572.8,4998.4,56553.6
1684300322.350799,23449.6,4998.4,56283.2
1684300322.4007833,23369.6,5072.0,56041.6
1684300322.4508393,23224.0,5049.6,55720.0
1684300322.5008163,23137.6,4913.6,55404.8
1684300322.5507662,23038.4,4873.6,55036.8
1684300322.6007667,22920.0,4963.2,54723.2
1684300322.650833,22820.8,4884.8,54468.8
1684300322.7007935,22755.2,4936.0,54108.8
1684300322.750779,22718.4,4913.6,53812.8
1684300322.8007622,22764.8,4860.8,53241.6
1684300322.8508127,22646.4,4939.2,53390.4
1684300322.900776,22596.8,4923.2,53204.8
1684300322.9507577,22488.0,4812.8,53251.2
1684300323.0007892,22300.8,5196.8,53371.2
1684300323.0508184,22284.8,6203.2,52921.6
1684300323.100825,22347.2,7374.4,52776.0
1684300323.1511333,22432.0,8537.6,52523.2
1684300323.200921,22435.2,9633.6,52433.6
1684300323.2508554,22441.6,10689.6,52217.6
1684300323.3008494,22454.4,11620.8,52091.2
1684300323.3507664,22544.0,12784.0,51768.0
1684300323.400779,22548.8,13897.6,51520.0
1684300323.4511654,22555.2,15100.8,51401.6
1684300323.5008473,22644.8,16456.0,50942.4
1684300323.550794,22665.6,17684.8,50824.0
1684300323.6008549,22665.6,18788.8,50675.2
1684300323.6508958,22664.0,20164.8,50561.6
1684300323.7007906,22580.8,21336.0,50633.6
1684300323.750798,22572.8,22550.4,50572.8
1684300323.8007538,22577.6,23728.0,50467.2
1684300323.850846,22569.6,24771.2,50291.2
1684300323.9007785,22561.6,25721.6,49964.8
1684300323.9507763,22560.0,25731.2,49860.8
1684300324.0010042,22539.2,25660.8,49825.6
1684300324.0509694,22534.4,25475.2,49787.2
1684300324.1008532,22523.2,25454.4,49667.2
1684300324.151004,22496.0,25411.2,49868.8
1684300324.200886,22568.0,25516.8,49542.4
1684300324.2508862,22560.0,25496.0,49561.6
1684300324.3008144,22550.4,25534.4,49625.6
1684300324.3507702,22539.2,25515.2,49577.6
1684300324.400936,22532.8,25470.4,49537.6
1684300324.450868,22534.4,25489.6,49620.8
1684300324.5008378,22531.2,25468.8,49652.8
1684300324.5507736,22516.8,25478.4,49659.2
1684300324.6007888,22595.2,25470.4,49409.6
1684300324.6508322,22596.8,25470.4,49360.0
1684300324.7008123,22609.6,25377.6,49435.2
1684300324.7507641,22728.0,25489.6,49475.2
1684300324.8008013,22657.6,25488.0,49731.2
1684300324.8508053,22659.2,25329.6,49793.6
1684300324.9007916,22668.8,25360.0,49763.2
1684300324.9510438,22760.0,25372.8,49761.6
1684300325.0010602,22758.4,24881.6,49800.0
1684300325.0509562,22764.8,23857.6,50027.2
1684300325.1008008,22692.8,22684.8,50001.6
1684300325.1512704,22606.4,21451.2,50024.0
1684300325.2009912,22603.2,20443.2,49910.4
1684300325.251131,22596.8,19379.2,49891.2
1684300325.3008664,22664.0,18382.4,49841.6
1684300325.3508196,22572.8,17196.8,49987.2
1684300325.4007685,22564.8,15984.0,50054.4
1684300325.4508483,22555.2,14870.4,49729.6
1684300325.501393,22467.2,13484.8,49918.4
1684300325.551258,22448.0,12235.2,49924.8
1684300325.6004777,22449.6,11032.0,49761.6
1684300325.6505828,22449.6,9619.2,49792.0
1684300325.7008412,22451.2,8209.6,49737.6
1684300325.7508068,22457.6,6859.2,49686.4
1684300325.8011708,22462.4,5481.6,49737.6
1684300325.8509865,22540.8,4268.8,49814.4
1684300325.9004507,22548.8,3280.0,50065.6
1684300325.950618,22548.8,3201.6,50060.8
1684300326.0009134,22630.4,3211.2,50057.6
1684300326.050874,22624.0,3227.2,50044.8
1684300326.1008115,22624.0,3315.2,50121.6
1684300326.1510508,22640.0,3414.4,50134.4
1684300326.2010434,22558.4,3310.4,50336.0
1684300326.250827,22558.4,3284.8,50403.2
1684300326.3008573,22552.0,3358.4,50401.6
1684300326.3507903,22550.4,3356.8,50475.2
1684300326.4007928,22556.8,3299.2,50448.0
1684300326.4508724,22558.4,3280.0,50390.4
1684300326.501402,22641.6,3668.8,50171.2
1684300326.55113,22646.4,4864.0,50326.4
1684300326.6004572,22576.0,5852.8,50600.0
1684300326.6495273,22569.6,6960.0,50598.4
1684300326.6996124,22584.0,8073.6,50608.0
1684300326.7508018,22483.2,9059.2,50569.6
1684300326.8008165,22510.4,10241.6,50672.0
1684300326.8508039,22545.6,11555.2,50561.6
1684300326.9008636,22564.8,13043.2,50606.4
1684300326.9507704,22505.6,14430.4,50590.4
1684300327.0008059,22529.6,15828.8,50601.6
1684300327.0511084,22465.6,17238.4,50662.4
1684300327.1009774,22475.2,18494.4,50622.4
1684300327.1508486,22475.2,20048.0,50398.4
1684300327.2010188,22473.6,21339.2,50448.0
1684300327.2508385,22558.4,22910.4,50238.4
1684300327.3008845,22473.6,24142.4,50270.4
1684300327.3508008,22473.6,25216.0,50257.6
1684300327.4007673,22550.4,25489.6,49905.6
1684300327.45079,22544.0,25433.6,50201.6
1684300327.5008638,22534.4,25412.8,50308.8
1684300327.5508025,22528.0,25494.4,50305.6
1684300327.6014447,22516.8,25513.6,50504.0
1684300327.6512225,22508.8,25609.6,50513.6
1684300327.699954,22580.8,25620.8,50577.6
1684300327.7498221,22750.4,25590.4,50571.2
1684300327.8007896,22742.4,25584.0,50604.8
1684300327.850807,22662.4,25524.8,50609.6
1684300327.9008462,22654.4,25502.4,50702.4
1684300327.950788,22664.0,25366.4,50710.4
1684300328.000767,22592.0,25366.4,50718.4
1684300328.0507576,22601.6,25385.6,50704.0
1684300328.1008506,22603.2,25318.4,50641.6
1684300328.1507576,22614.4,25150.4,50603.2
1684300328.200951,22614.4,25198.4,50694.4
1684300328.2507799,22622.4,25246.4,50630.4
1684300328.3008816,22628.8,25232.0,50652.8
1684300328.3507617,22638.4,25344.0,50660.8
1684300328.4007764,22638.4,25320.0,50699.2
1684300328.4509604,22654.4,25400.0,50731.2
1684300328.5009558,22574.4,25020.8,50931.2
1684300328.5508363,22580.8,23856.0,50822.4
1684300328.6008809,22580.8,22744.0,50843.2
1684300328.6508474,22580.8,21636.8,50923.2
1684300328.7008903,22564.8,20544.0,50884.8
1684300328.7507725,22545.6,19468.8,50870.4
1684300328.8007827,22516.8,18275.2,50793.6
1684300328.8507543,22488.0,16963.2,50816.0
1684300328.9008632,22502.4,15496.0,50912.0
1684300328.95077,22473.6,14166.4,50851.2
1684300329.0012639,22452.8,12768.0,50828.8
1684300329.050651,22600.0,11414.4,50857.6
1684300329.100595,22600.0,10217.6,50932.8
1684300329.1505005,22604.8,8684.8,50881.6
1684300329.2006025,22691.2,7484.8,50948.8
1684300329.250793,23062.4,6072.0,51224.0
1684300329.3011425,23078.4,4756.8,51411.2
1684300329.3508444,23089.6,3718.4,51560.0
1684300329.401044,23019.2,3424.0,52177.6
1684300329.4509122,23043.2,3401.6,52500.8
1684300329.5009403,23080.0,3393.6,52803.2
1684300329.5508285,23219.2,3352.0,53134.4
1684300329.600777,23617.6,3460.8,52968.0
1684300329.650792,24027.2,3384.0,53238.4
1684300329.700949,23652.8,3393.6,53548.8
1684300329.75081,22952.0,3683.2,53849.6
1684300329.800774,22427.2,3739.2,54171.2
1684300329.8507607,21905.6,3747.2,54468.8
1684300329.900918,21382.4,3779.2,54664.0
1684300329.9508514,20851.2,3822.4,54995.2
1684300330.0008028,20320.0,3921.6,55329.6
1684300330.0512166,19868.8,3923.2,55672.0
1684300330.1012151,19342.4,3923.2,55932.8
1684300330.1507106,18808.0,3912.0,55998.4
1684300330.2005768,18283.2,3875.2,56257.6
1684300330.2504003,17750.4,3873.6,56174.4
1684300330.3006165,17307.2,3864.0,56473.6
1684300330.3511434,16776.0,3763.2,56684.8
1684300330.4008803,16241.6,3782.4,57030.4
1684300330.450758,15696.0,3736.0,57377.6
1684300330.5010023,15161.6,3747.2,57691.2
1684300330.550778,14628.8,3745.6,58038.4
1684300330.600775,14091.2,3787.2,58280.0
1684300330.6507413,13558.4,3867.2,58537.6
1684300330.7009187,13024.0,3908.8,58870.4
1684300330.7507794,12486.4,3907.2,59179.2
1684300330.8007696,11948.8,3939.2,59459.2
1684300330.850746,11492.8,4030.4,59475.2
1684300330.9009013,10924.8,4100.8,59740.8
1684300330.9507673,10396.8,4028.8,60124.8
1684300331.000742,9942.4,4120.0,60428.8
1684300331.0508106,9243.2,4099.2,60684.8
1684300331.1008928,8700.8,4049.6,60980.8
1684300331.1507802,8161.6,4131.2,61569.6
1684300331.2009497,7635.2,3907.2,61758.4
1684300331.250762,6732.8,3865.6,61883.2
1684300331.300922,6195.2,3907.2,61974.4
1684300331.3507571,5732.8,3990.4,61955.2
1684300331.4007373,5358.4,4086.4,61619.2
1684300331.4507625,4894.4,4161.6,61420.8
1684300331.5015173,4332.8,4190.4,61320.0
1684300331.5516381,3665.6,4289.6,61304.0
1684300331.5995598,2825.6,4211.2,61724.8
1684300331.6493285,1974.4,4187.2,61476.8
1684300331.7005353,1744.0,4288.0,61155.2
1684300331.7503972,1744.0,4019.2,61092.8
1684300331.8007872,1742.4,4017.6,61097.6
1684300331.850784,1742.4,3977.6,61089.6
1684300331.9008942,1740.8,3976.0,61121.6
1684300331.9507651,1744.0,3968.0,61070.4
1684300332.0007675,1740.8,3891.2,61057.6
1684300332.0510144,1659.2,3878.4,60992.0
1684300332.100964,1662.4,3936.0,61099.2
1684300332.1507902,1662.4,3996.8,61340.8
1684300332.200953,1664.0,4065.6,61321.6
1684300332.2507684,1662.4,4188.8,61792.0
1684300332.3009229,1582.4,4120.0,61720.0
1684300332.350778,1582.4,4236.8,61804.8
1684300332.4007924,1582.4,4249.6,61820.8
1684300332.4508321,1582.4,4326.4,61764.8
1684300332.5009224,1584.0,4313.6,61833.6
1684300332.550782,1584.0,4305.6,61763.2
1684300332.6015759,1584.0,4480.0,61848.0
1684300332.6503403,1585.6,4364.8,61804.8
1684300332.7002912,1582.4,4332.8,61841.6
1684300332.7504163,1584.0,4332.8,61619.2
1684300332.800437,1584.0,4353.6,61676.8
1684300332.8507667,1504.0,4251.2,61902.4
1684300332.9008775,1504.0,4211.2,61809.6
1684300332.9507802,1504.0,4220.8,61822.4
1684300333.000738,1422.4,4217.6,61780.8
1684300333.0507593,1425.6,4177.6,61784.0
1684300333.1008801,1424.0,4259.2,61808.0
1684300333.1508076,1425.6,4176.0,61784.0
1684300333.2009559,1419.2,4211.2,61803.2
1684300333.2508082,1435.2,4214.4,61755.2
1684300333.3009114,1430.4,4161.6,61713.6
1684300333.3507938,1430.4,4131.2,61638.4
1684300333.4007485,1345.6,4110.4,61795.2
1684300333.4510543,1344.0,4048.0,61974.4
1684300333.5009706,1350.4,4048.0,62075.2
1684300333.5508702,1350.4,3939.2,62072.0
1684300333.600819,1268.8,3928.0,62072.0
1684300333.6508236,1188.8,3979.2,62382.4
1684300333.7008936,1188.8,3899.2,62678.4
1684300333.7508037,1190.4,3896.0,62747.2
1684300333.8007445,1192.0,3968.0,62713.6
1684300333.8507636,1192.0,4009.6,62745.6
1684300333.9008698,1200.0,4078.4,62777.6
1684300333.9507658,1195.2,4099.2,62819.2
1684300334.0007641,1195.2,4075.2,62873.6
1684300334.0507433,1195.2,4088.0,62900.8
1684300334.1009297,1193.6,4030.4,62851.2
1684300334.1507952,1193.6,4038.4,62902.4
1684300334.200986,1198.4,3937.6,62958.4
1684300334.2508185,1198.4,3816.0,62939.2
1684300334.300935,1196.8,3787.2,62921.6
1684300334.3507733,1195.2,3700.8,62852.8
1684300334.4010408,1195.2,3689.6,62758.4
1684300334.450777,1200.0,3600.0,62814.4
1684300334.5009062,1198.4,3632.0,62731.2
1684300334.550783,1198.4,3700.8,62804.8
1684300334.6007454,1280.0,3638.4,62483.2
1684300334.650748,1276.8,3673.6,62521.6
1684300334.700847,1278.4,3724.8,62472.0
1684300334.7507746,1276.8,3726.4,62684.8
1684300334.8011115,1361.6,3798.4,62430.4
1684300334.8510256,1361.6,3819.2,62438.4
1684300334.9009595,1438.4,3865.6,62169.6
1684300334.9508178,1438.4,3956.8,62179.2
1684300335.0007362,1438.4,3868.8,62140.8
1684300335.050773,1436.8,4022.4,62166.4
1684300335.101196,1436.8,3902.4,62102.4
1684300335.1511629,1438.4,3913.6,62126.4
1684300335.2005851,1438.4,3992.0,62043.2
1684300335.2504048,1336.0,3902.4,62182.4
1684300335.300933,1344.0,3912.0,62249.6
1684300335.3508286,1345.6,3864.0,62529.6
1684300335.4007554,1347.2,3844.8,62508.8
1684300335.4508603,1264.0,3854.4,62513.6
1684300335.5008786,1260.8,3875.2,62500.8
1684300335.550804,1262.4,3864.0,62588.8
1684300335.6007495,1262.4,3974.4,62584.0
1684300335.6507325,1262.4,3936.0,62571.2
1684300335.7009165,1260.8,4025.6,62596.8
1684300335.7507966,1259.2,4028.8,62542.4
1684300335.8007975,1257.6,3937.6,62579.2
1684300335.8507595,1336.0,3979.2,62499.2
1684300335.9008694,1328.0,3902.4,62422.4
1684300335.9507902,1328.0,3891.2,62385.6
1684300336.0007763,1408.0,3961.6,62121.6
1684300336.0507479,1408.0,3971.2,62145.6
1684300336.1008878,1404.8,3968.0,62201.6
1684300336.1507716,1411.2,3950.4,62128.0
1684300336.2009704,1404.8,3980.8,62097.6
1684300336.2507632,1406.4,4028.8,62112.0
1684300336.3009403,1502.4,4169.6,61875.2
1684300336.3507764,1502.4,4148.8,61876.8
1684300336.400763,1502.4,4169.6,61872.0
1684300336.450748,1497.6,4169.6,61846.4
1684300336.5008993,1497.6,4268.8,61897.6
1684300336.550782,1572.8,4193.6,61731.2
1684300336.6007514,1491.2,4152.0,61976.0
1684300336.6507666,1491.2,4152.0,62016.0
1684300336.7008777,1568.0,4112.0,61976.0
1684300336.7507992,1568.0,4108.8,61971.2
1684300336.8007593,1483.2,3964.8,62246.4
1684300336.8509853,1481.6,3955.2,62241.6
1684300336.9011655,1425.6,3868.8,62555.2
1684300336.950859,1425.6,3886.4,62569.6
1684300337.0007675,1425.6,3884.8,62656.0
1684300337.0510452,1428.8,3753.6,62624.0
1684300337.1009312,1428.8,3782.4,62718.4
1684300337.150816,1510.4,3924.8,62412.8
1684300337.200966,1428.8,3865.6,62516.8
1684300337.250811,1595.2,3937.6,62339.2
1684300337.300928,1587.2,3950.4,62267.2
1684300337.3508043,1587.2,3924.8,62038.4
1684300337.4007502,1585.6,4172.8,61987.2
1684300337.4508543,1585.6,4121.6,62001.6
1684300337.5008812,1584.0,4110.4,61948.8
1684300337.5507712,1582.4,4092.8,61918.4
1684300337.6007755,1584.0,4003.2,61956.8
1684300337.6507416,1585.6,3992.0,61960.0
1684300337.7008858,1585.6,3912.0,61960.0
1684300337.7507699,1584.0,3910.4,61958.4
1684300337.8007739,1664.0,4072.0,61656.0
1684300337.8507426,1584.0,4049.6,61723.2
1684300337.9008806,1584.0,4048.0,61736.0
1684300337.9507568,2129.6,4228.8,61724.8
1684300338.0007834,2526.4,4160.0,61961.6
1684300338.0507407,3041.6,4267.2,61993.6
1684300338.100876,3867.2,4369.6,61817.6
1684300338.1507673,4468.8,4350.4,61870.4
1684300338.2009566,5099.2,4371.2,61851.2
1684300338.250769,5726.4,4334.4,61811.2
1684300338.3008995,6248.0,4220.8,62073.6
1684300338.3507922,6881.6,4192.0,62113.6
1684300338.4007413,7540.8,4192.0,62105.6
1684300338.4512775,8193.6,4232.0,61787.2
1684300338.5009449,8795.2,4132.8,61769.6
1684300338.550841,9300.8,4129.6,61825.6
1684300338.600767,9870.4,4128.0,61817.6
1684300338.6507885,10524.8,4240.0,61548.8
1684300338.7008748,11012.8,4321.6,61460.8
1684300338.7507815,11576.0,4324.8,61440.0
1684300338.8007553,12139.2,4364.8,61260.8
1684300338.85077,12692.8,4393.6,61156.8
1684300338.9008565,13228.8,4414.4,61044.8
1684300338.9507933,13787.2,4337.6,60796.8
1684300339.000741,14342.4,4347.2,60590.4
1684300339.0507603,14889.6,4443.2,60324.8
1684300339.1008842,15435.2,4612.8,59848.0
1684300339.150805,15896.0,4729.6,59894.4
1684300339.2009308,16516.8,4700.8,59638.4
1684300339.2507834,16894.4,4756.8,59643.2
1684300339.3009152,17449.6,4756.8,59422.4
1684300339.3508027,17993.6,4915.2,59201.6
1684300339.4009836,18452.8,4643.2,59204.8
1684300339.4509254,18993.6,4651.2,59004.8
1684300339.5008924,19537.6,4793.6,58731.2
1684300339.5507717,20083.2,4812.8,58420.8
1684300339.6007764,20622.4,4854.4,58051.2
1684300339.6507256,21161.6,4828.8,57694.4
1684300339.7008932,21704.0,4788.8,57363.2
1684300339.7507625,22329.6,4771.2,56785.6
1684300339.8007782,22793.6,4564.8,56760.0
1684300339.850744,23336.0,4526.4,56414.4
1684300339.9008722,23960.0,4529.6,56001.6
1684300339.9507556,23960.0,4350.4,55668.8
1684300340.0007215,24016.0,4329.6,55393.6
1684300340.0507267,24033.6,4232.0,55025.6
1684300340.100894,23744.0,4112.0,54868.8
1684300340.1509762,23670.4,4129.6,54540.8
1684300340.2010193,23667.2,4110.4,54142.4
1684300340.250864,23580.8,4076.8,53793.6
1684300340.3009105,23505.6,4601.6,53451.2
1684300340.350768,23416.0,5681.6,53118.4
1684300340.4007561,23300.8,6854.4,52849.6
1684300340.4507346,23280.0,8140.8,52595.2
1684300340.5008385,23235.2,9323.2,52286.4
1684300340.5507636,23212.8,10526.4,52032.0
1684300340.6007307,23204.8,11840.0,51856.0
1684300340.6507509,23096.0,13203.2,51856.0
1684300340.700847,23073.6,14512.0,51721.6
1684300340.7507896,23057.6,15886.4,51417.6
1684300340.8007333,23038.4,17313.6,51280.0
1684300340.8507307,23112.0,18635.2,50814.4
1684300340.9008625,23105.6,19963.2,50566.4
1684300340.950758,23112.0,21233.6,50470.4
1684300341.0007348,23094.4,22377.6,50275.2
1684300341.0507524,23078.4,23228.8,50172.8
1684300341.1008546,23068.8,23328.0,50387.2
1684300341.1508071,23057.6,23049.6,50393.6
1684300341.2009542,23048.0,23120.0,50292.8
1684300341.2507982,23038.4,23040.0,50232.0
1684300341.3011885,23012.8,23126.4,50212.8
1684300341.3513064,23001.6,23043.2,50449.6
1684300341.4007642,23078.4,23099.2,49993.6
1684300341.45099,23144.0,23180.8,49568.0
1684300341.5011048,23132.8,23019.2,49532.8
1684300341.550778,23276.8,23107.2,49156.8
1684300341.600766,23267.2,23004.8,49185.6
1684300341.6507258,23257.6,23032.0,49262.4
1684300341.700897,23248.0,23001.6,49246.4
1684300341.750755,23158.4,23020.8,49540.8
1684300341.8007777,23145.6,23043.2,49547.2
1684300341.8507342,23136.0,23102.4,49574.4
1684300341.9008493,23044.8,23108.8,49723.2
1684300341.950762,23033.6,23158.4,49776.0
1684300342.0007505,23038.4,23180.8,49774.4
1684300342.0510035,23040.0,23139.2,49784.0
1684300342.100989,23038.4,23256.0,49812.8
1684300342.1508179,23044.8,23216.0,49784.0
1684300342.2009625,22963.2,23273.6,49945.6
1684300342.2507613,23046.4,23355.2,49848.0
1684300342.3008947,23048.0,22822.4,49884.8
1684300342.3507702,23048.0,21760.0,49955.2
1684300342.400752,23059.2,20568.0,49929.6
1684300342.4507558,22980.8,19220.8,50164.8
1684300342.5008667,22976.0,18027.2,50216.0
1684300342.5507622,22971.2,16833.6,50203.2
1684300342.6007416,22961.6,15430.4,50025.6
1684300342.6507592,22969.6,13968.0,49929.6
1684300342.7011745,23060.8,12641.6,49648.0
1684300342.7518644,23059.2,11324.8,49728.0
1684300342.8005967,23072.0,9987.2,49769.6
1684300342.8504605,22988.8,8724.8,50036.8
1684300342.9008837,22980.8,7376.0,50094.4
1684300342.9508183,22958.4,6156.8,49928.0
1684300343.0007453,22977.6,5004.8,49974.4
1684300343.0511575,22995.2,3979.2,49996.8
1684300343.1008902,23022.4,3771.2,49950.4
1684300343.1508017,23054.4,3760.0,49854.4
1684300343.2009578,23086.4,3787.2,49654.4
1684300343.2507625,23118.4,3707.2,49787.2
1684300343.300907,23142.4,3739.2,49916.8
1684300343.3507683,23160.0,3660.8,49899.2
1684300343.4007733,23075.2,3747.2,50622.4
1684300343.4508662,23028.8,3776.0,51065.6
1684300343.501012,22649.6,3784.0,51398.4
1684300343.5508676,22043.2,3708.8,52014.4
1684300343.6008043,21593.6,3753.6,52211.2
1684300343.6507862,21139.2,3852.8,52363.2
1684300343.7015595,20606.4,3860.8,52662.4
1684300343.7504013,20072.0,3859.2,53025.6
1684300343.8001595,19542.4,3846.4,53257.6
1684300343.8494515,19009.6,3817.6,53272.0
1684300343.8995843,18561.6,3796.8,53484.8
1684300343.950798,18027.2,3747.2,53734.4
1684300344.0007825,17491.2,3736.0,53993.6
1684300344.050746,17036.8,3918.4,54052.8
1684300344.100912,16504.0,3841.6,54300.8
1684300344.150788,15961.6,3860.8,54617.6
1684300344.2009976,15420.8,3870.4,54952.0
1684300344.2510157,14795.2,3809.6,55350.4
1684300344.3012455,14251.2,3880.0,55630.4
1684300344.3506281,13787.2,4116.8,55892.8
1684300344.4006162,13230.4,4113.6,56220.8
1684300344.450399,12683.2,4286.4,56547.2
1684300344.5005255,12131.2,4278.4,56854.4
1684300344.550811,11576.0,4265.6,57200.0
1684300344.601189,11024.0,4251.2,57560.0
1684300344.65098,10470.4,4342.4,57932.8
1684300344.7010226,9836.8,4289.6,58411.2
1684300344.7510648,9292.8,4249.6,58745.6
1684300344.8032846,8904.0,4158.4,58982.4
1684300344.8501108,8360.0,4140.8,59281.6
1684300344.8999298,7816.0,4171.2,59494.4
1684300344.9508467,7270.4,4131.2,59904.0
1684300345.0011432,6798.4,4145.6,60097.6
1684300345.0508106,6244.8,4190.4,60444.8
1684300345.10086,5681.6,4219.2,60664.0
1684300345.1511664,5198.4,4241.6,60913.6
1684300345.2010489,4720.0,4246.4,61032.0
1684300345.250436,4152.0,4256.0,61193.6
1684300345.3004751,3673.6,4217.6,61308.8
1684300345.3507824,3036.8,4299.2,61580.8
1684300345.4007626,2502.4,4246.4,61564.8
1684300345.450766,2107.2,4337.6,61526.4
1684300345.500796,1952.0,4339.2,61478.4
1684300345.5507674,1953.6,4425.6,61268.8
1684300345.6007464,1952.0,4499.2,61132.8
1684300345.6507626,1952.0,4424.0,61160.0
1684300345.7007914,1955.2,4444.8,61160.0
1684300345.7507794,1955.2,4467.2,61128.0
1684300345.8007236,1956.8,4524.8,61174.4
1684300345.8507423,1958.4,4635.2,61416.0
1684300345.900787,1875.2,4659.2,61513.6
1684300345.9507709,1875.2,4656.0,61547.2
1684300346.0007534,1953.6,4865.6,61268.8
1684300346.0507329,1873.6,4715.2,61542.4
1684300346.1008172,1873.6,4724.8,61539.2
1684300346.1507463,1875.2,4790.4,61548.8
1684300346.2010515,1870.4,4723.2,61545.6
1684300346.2507834,1870.4,4721.6,61638.4
1684300346.300863,2065.6,4742.4,61641.6
1684300346.350873,1985.6,4507.2,61624.0
1684300346.4007814,1988.8,4486.4,61657.6
1684300346.4507313,1982.4,4355.2,61649.6
1684300346.5008333,1982.4,4344.0,61614.4
1684300346.550753,1982.4,4366.4,61561.6
1684300346.6007545,1982.4,4401.6,61542.4
1684300346.6507308,1980.8,4376.0,61556.8
1684300346.7008414,2057.6,4476.8,61364.8
1684300346.7509573,2054.4,4457.6,61264.0
1684300346.8011062,1886.4,4561.6,61104.0
1684300346.8508003,1886.4,4582.4,61179.2
1684300346.9008589,1884.8,4662.4,61230.4
1684300346.9507797,1886.4,4620.8,61307.2
1684300347.0007467,1801.6,4604.8,61352.0
1684300347.051106,1801.6,4587.2,61300.8
1684300347.1008823,1803.2,4576.0,61390.4
1684300347.1507883,1720.0,4574.4,61489.6
1684300347.201012,1635.2,4438.4,61894.4
1684300347.2507794,1636.8,4528.0,61824.0
1684300347.3008485,1561.6,4537.6,61624.0
1684300347.350777,1563.2,4563.2,61580.8
1684300347.400742,1561.6,4656.0,61622.4
1684300347.4507606,1478.4,4622.4,61534.4
1684300347.500844,1476.8,4622.4,61515.2
1684300347.5509615,1472.0,4755.2,61459.2
1684300347.600756,1468.8,4691.2,61422.4
1684300347.6507387,1470.4,4667.2,61454.4
1684300347.700873,1468.8,4680.0,61376.0
1684300347.750797,1468.8,4659.2,61425.6
1684300347.8007288,1547.2,4788.8,60998.4
1684300347.8507178,1550.4,4633.6,61035.2
1684300347.9007971,1548.8,4630.4,61052.8
1684300347.9507754,1547.2,4611.2,61009.6
1684300348.0007236,1465.6,4430.4,61321.6
1684300348.0507548,1467.2,4408.0,61337.6
1684300348.1008012,1465.6,4520.0,61403.2
1684300348.1507769,1465.6,4486.4,61356.8
1684300348.2010257,1464.0,4555.2,61353.6
1684300348.2508016,1464.0,4587.2,61304.0
1684300348.3008564,1268.8,4505.6,61310.4
1684300348.3508039,1272.0,4612.8,61323.2
1684300348.4007463,1270.4,4635.2,61262.4
1684300348.4509668,1268.8,4713.6,61318.4
1684300348.5009985,1270.4,4723.2,61361.6
1684300348.5508015,1268.8,4704.0,61400.0
1684300348.6007712,1268.8,4724.8,61449.6
1684300348.6508644,1268.8,4659.2,61382.4
1684300348.7014935,1355.2,4545.6,61660.8
1684300348.7514741,1358.4,4518.4,61761.6
1684300348.8003666,1358.4,4438.4,61952.0
1684300348.8494647,1358.4,4336.0,61907.2
1684300348.8994703,1360.0,4336.0,61646.4
1684300348.9508846,1360.0,4336.0,61635.2
1684300349.000823,1360.0,4404.8,61684.8
1684300349.0508664,1363.2,4443.2,61729.6
1684300349.1008272,1360.0,4465.6,61617.6
1684300349.1508315,1360.0,4467.2,61617.6
1684300349.201057,1360.0,4510.4,61662.4
1684300349.2507882,1360.0,4502.4,61672.0
1684300349.300814,1360.0,4481.6,61968.0
1684300349.350826,1604.8,4483.2,61777.6
1684300349.4009607,1689.6,4272.0,61726.4
1684300349.4507806,1688.0,4214.4,61715.2
1684300349.500732,1689.6,4214.4,61723.2
1684300349.5508356,1692.8,4004.8,61993.6
1684300349.6007419,1696.0,3995.2,62056.0
1684300349.6507525,1692.8,4017.6,62056.0
1684300349.700756,1689.6,4035.2,62099.2
1684300349.7508156,1696.0,4033.6,62083.2
1684300349.801548,1614.4,3902.4,62435.2
1684300349.8502705,1611.2,4012.8,62443.2
1684300349.9000912,1694.4,4072.0,62388.8
1684300349.9504452,1696.0,4102.4,62430.4
1684300350.0003502,1700.8,4163.2,62449.6
1684300350.0507414,1699.2,4176.0,62409.6
1684300350.1007338,1699.2,4033.6,62396.8
1684300350.1510563,1697.6,4052.8,62408.0
1684300350.2010558,1777.6,3953.6,62366.4
1684300350.2508874,1777.6,3923.2,62310.4
1684300350.300411,1859.2,3985.6,62340.8
1684300350.3505092,1857.6,3899.2,62358.4
1684300350.4007614,1857.6,3888.0,62462.4
1684300350.4507618,1939.2,3923.2,62140.8
1684300350.5008,1937.6,3923.2,62048.0
1684300350.5508506,1939.2,3971.2,62062.4
1684300350.6007483,1939.2,4064.0,62070.4
1684300350.650754,1940.8,4051.2,62060.8
1684300350.7007108,1776.0,4081.6,61988.8
1684300350.7508318,1774.4,4110.4,61988.8
1684300350.8007357,1774.4,4216.0,61912.0
1684300350.8507147,1779.2,4236.8,61920.0
1684300350.9007215,1779.2,4136.0,62187.2
1684300350.9508073,1779.2,4137.6,62134.4
1684300351.0007255,1860.8,4195.2,61865.6
1684300351.0507205,1857.6,4177.6,61806.4
1684300351.100748,1859.2,4041.6,61868.8
1684300351.1507988,1940.8,4052.8,61582.4
1684300351.2010186,1876.8,4052.8,61529.6
1684300351.2507823,1876.8,4003.2,61566.4
1684300351.300776,1876.8,4096.0,61566.4
1684300351.3508282,1723.2,4083.2,61488.0
1684300351.4007719,1723.2,4188.8,61169.6
1684300351.4507148,1726.4,4228.8,61344.0
1684300351.5008388,1726.4,4249.6,61350.4
1684300351.550832,1654.4,4236.8,61428.8
1684300351.6007812,1652.8,4352.0,61601.6
1684300351.6507561,1579.2,4329.6,61593.6
1684300351.7007635,1660.8,4510.4,61321.6
1684300351.7510006,1652.8,4512.0,61337.6
1684300351.800759,1654.4,4491.2,61456.0
1684300351.8507457,1732.8,4536.0,61467.2
1684300351.9007473,1649.6,4468.8,61478.4
1684300351.9508204,1649.6,4457.6,61499.2
1684300352.0007517,1646.4,4336.0,61452.8
1684300352.0510583,1646.4,4345.6,61406.4
1684300352.1008384,1648.0,4347.2,61329.6
1684300352.1508472,1649.6,4318.4,61390.4
1684300352.2010472,1571.2,4347.2,61364.8
1684300352.2507908,1576.0,4425.6,61417.6
1684300352.300771,1494.4,4393.6,61408.0
1684300352.3508294,1492.8,4483.2,61313.6
1684300352.4007418,1572.8,4604.8,61204.8
1684300352.4507608,1492.8,4470.4,61488.0
1684300352.500743,1492.8,4579.2,61572.8
1684300352.550863,1572.8,4622.4,61515.2
1684300352.6007378,1572.8,4569.6,61484.8
1684300352.6507595,1576.0,4539.2,61558.4
1684300352.700726,1574.4,4521.6,61566.4
1684300352.7507856,1574.4,4520.0,61502.4
1684300352.8007383,1577.6,4414.4,61488.0
1684300352.850743,1572.8,4403.2,61499.2
1684300352.9007177,1572.8,4452.8,61552.0
1684300352.9508054,1651.2,4484.8,61348.8
1684300353.000725,1569.6,4358.4,61619.2
1684300353.0507174,1569.6,4387.2,61617.6
1684300353.1007254,1569.6,4513.6,61664.0
1684300353.150791,1488.0,4590.4,61851.2
1684300353.2010052,1552.0,4611.2,61849.6
1684300353.250769,1552.0,4590.4,61803.2
1684300353.3007963,1552.0,4500.8,61803.2
1684300353.350823,1545.6,4483.2,61820.8
1684300353.4007676,1545.6,4524.8,61961.6
1684300353.4508564,1544.0,4446.4,61816.0
1684300353.5009093,1544.0,4416.0,61873.6
1684300353.5508695,1537.6,4396.8,61841.6
1684300353.6009073,1460.8,4296.0,61915.2
1684300353.650846,1534.4,4297.6,61948.8
1684300353.7007456,1454.4,4147.2,62208.0
1684300353.7508094,1460.8,4147.2,62169.6
1684300353.8007512,1464.0,4228.8,62169.6
1684300353.8507211,1385.6,4128.0,62156.8
1684300353.9007363,1390.4,4126.4,62150.4
1684300353.9508004,1390.4,4129.6,62161.6
1684300354.00075,1392.0,4171.2,62208.0
1684300354.0507216,1401.6,4211.2,62252.8
1684300354.100778,1401.6,4209.6,62305.6
1684300354.1508024,1401.6,4188.8,62248.0
1684300354.2010283,1401.6,4153.6,62236.8
1684300354.2507682,1396.8,4096.0,62256.0
1684300354.300759,1396.8,4064.0,62315.2
1684300354.3508217,1476.8,3968.0,62064.0
1684300354.4009216,1396.8,3878.4,62105.6
1684300354.4507656,1396.8,3937.6,62150.4
1684300354.5007405,1396.8,3859.2,62092.8
1684300354.5508037,1316.8,3766.4,62108.8
1684300354.600725,1320.0,3793.6,62139.2
1684300354.6507454,1316.8,3824.0,62064.0
1684300354.700715,1318.4,3892.8,62150.4
1684300354.7511053,1318.4,4094.4,62214.4
1684300354.8011405,1395.2,4073.6,62163.2
1684300354.8504248,1395.2,4142.4,62193.6
1684300354.9003625,1395.2,4092.8,62155.2
1684300354.95087,1316.8,4060.8,62371.2
1684300355.0007384,1316.8,4025.6,62420.8
1684300355.0511003,1318.4,4006.4,62460.8
1684300355.1007748,1320.0,3915.2,62342.4
1684300355.1510491,1404.8,3848.0,62411.2
1684300355.2010255,1489.6,3827.2,62400.0
1684300355.2508671,1489.6,3916.8,62422.4
1684300355.300451,1496.0,3942.4,62422.4
1684300355.3505182,1411.2,3904.0,62641.6
1684300355.400756,1328.0,3883.2,62870.4
1684300355.4507694,1406.4,3908.8,63000.0
1684300355.5007248,1404.8,4068.8,63036.8
1684300355.5508304,1483.2,4102.4,63012.8
1684300355.6007316,1561.6,4281.6,62676.8
1684300355.650741,1564.8,4292.8,62400.0
1684300355.700739,1564.8,4243.2,62452.8
1684300355.750824,1560.0,4363.2,62459.2
1684300355.8007367,1556.8,4292.8,62392.0
1684300355.8507168,1561.6,4272.0,62380.8
1684300355.9007254,1560.0,4241.6,62305.6
1684300355.9508064,1560.0,4260.8,62334.4
1684300356.0007536,1571.2,4260.8,62334.4
1684300356.0507202,1563.2,4230.4,62339.2
1684300356.1007202,1563.2,4230.4,62371.2
1684300356.150791,1643.2,4264.0,62153.6
1684300356.201055,1641.6,4411.2,62152.0
1684300356.2507815,1643.2,4388.8,62161.6
1684300356.300756,1643.2,4401.6,62161.6
1684300356.3508472,1564.8,4396.8,62435.2
1684300356.4007578,1563.2,4494.4,62508.8
1684300356.45073,1563.2,4436.8,62435.2
1684300356.5008025,1563.2,4467.2,62424.0
1684300356.550797,1564.8,4446.4,62499.2
1684300356.6007519,1561.6,4360.0,62456.0
1684300356.6507208,1560.0,4358.4,62540.8
1684300356.700712,1564.8,4268.8,62348.8
1684300356.7508113,1564.8,4067.2,62267.2
1684300356.801021,1484.8,4035.2,62352.0
1684300356.8510327,1484.8,4065.6,62374.4
1684300356.900799,1484.8,4065.6,62377.6
1684300356.9508502,1484.8,4084.8,62339.2
1684300357.0007517,1484.8,4214.4,62363.2
1684300357.05106,1481.6,4288.0,62296.0
1684300357.1007874,1481.6,4318.4,62385.6
1684300357.1508322,1395.2,4476.8,62416.0
1684300357.2010396,1230.4,4497.6,62432.0
1684300357.250813,1233.6,4406.4,62484.8
1684300357.300734,1227.2,4396.8,62483.2
1684300357.3508656,1310.4,4360.0,62264.0
1684300357.4007359,1475.2,4340.8,61902.4
1684300357.450743,1396.8,4235.2,61969.6
1684300357.5007179,1480.0,4176.0,61780.8
1684300357.5508244,1563.2,4251.2,61488.0
1684300357.6007786,1491.2,4027.2,61772.8
1684300357.6507275,1417.6,4014.4,62006.4
1684300357.7007234,1417.6,4084.8,61958.4
1684300357.7508476,1417.6,3993.6,61968.0
1684300357.8007312,1425.6,3980.8,62001.6
1684300357.8507154,1424.0,4060.8,62008.0
1684300357.9007394,1420.8,4091.2,62019.2
1684300357.9507968,1427.2,4190.4,62027.2
1684300358.0007534,1416.0,4201.6,62006.4
1684300358.0507193,1414.4,4180.8,62052.8
1684300358.1007292,1494.4,4368.0,61766.4
1684300358.150778,1414.4,4336.0,61964.8
1684300358.2010996,1416.0,4244.8,61977.6
1684300358.2507744,1414.4,4308.8,61923.2
1684300358.300756,1414.4,4316.8,61897.6
1684300358.3508334,1412.8,4328.0,61876.8
1684300358.4007633,1414.4,4240.0,61811.2
1684300358.450839,1414.4,4238.4,61787.2
1684300358.5009122,1416.0,4244.8,61849.6
1684300358.5508854,1414.4,4387.2,61841.6
1684300358.600738,1414.4,4465.6,61864.0
1684300358.650835,1420.8,4486.4,61828.8
1684300358.7007658,1417.6,4497.6,61966.4
1684300358.750816,1417.6,4617.6,62009.6
1684300358.800729,1499.2,4740.8,61984.0
1684300358.8507476,1499.2,4692.8,61920.0
1684300358.9007125,1500.8,4673.6,61956.8
1684300358.9508164,1500.8,4753.6,61841.6
1684300359.00072,1500.8,4649.6,61737.6
1684300359.0507588,1504.0,4585.6,61793.6
1684300359.1007485,1504.0,4555.2,61724.8
1684300359.1508157,1507.2,4404.8,61723.2
1684300359.201,1588.8,4404.8,61724.8
1684300359.2508693,1585.6,4406.4,61673.6
1684300359.3003962,1585.6,4329.6,61592.0
1684300359.350425,1584.0,4324.8,61849.6
1684300359.4009252,1502.4,4356.8,62124.8
1684300359.450741,1420.8,4395.2,62180.8
1684300359.500786,1505.6,4385.6,62024.0
1684300359.5508184,1422.4,4300.8,62160.0
1684300359.600731,1497.6,4404.8,61889.6
1684300359.6507223,1574.4,4417.6,61644.8
1684300359.7007477,1576.0,4326.4,61646.4
1684300359.7508,1577.6,4297.6,61612.8
1684300359.800762,1572.8,4280.0,61596.8
1684300359.850729,1574.4,4211.2,61617.6
1684300359.9007115,1651.2,4212.8,61372.8
1684300359.9507844,1646.4,4124.8,61348.8
1684300360.0007303,1646.4,4113.6,61337.6
1684300360.050719,1729.6,4283.2,61332.8
1684300360.1007426,1649.6,4115.2,61598.4
1684300360.151044,1651.2,4113.6,61622.4
1684300360.2011976,1651.2,4104.0,61611.2
1684300360.2503932,1652.8,4041.6,61371.2
1684300360.3003404,1659.2,4201.6,61040.0
1684300360.3508508,1660.8,4283.2,61113.6
1684300360.4007723,1660.8,4254.4,61176.0
1684300360.4507325,1662.4,4235.2,61200.0
1684300360.500716,1660.8,4179.2,61169.6
1684300360.5507982,1662.4,4057.6,61100.8
1684300360.6007278,1740.8,3971.2,60859.2
1684300360.6507134,1736.0,3972.8,60843.2
1684300360.7007153,1736.0,4052.8,60904.0
1684300360.7507892,1816.0,4054.4,60616.0
1684300360.800724,1736.0,3960.0,60644.8
1684300360.8507464,1737.6,3937.6,60683.2
1684300360.900725,1736.0,3956.8,60619.2
1684300360.9508147,1737.6,3966.4,60780.8
1684300361.0007184,1740.8,3977.6,60830.4
1684300361.0507393,1740.8,3956.8,60827.2
1684300361.1007013,1739.2,4046.4,60883.2
1684300361.1508236,1739.2,4017.6,60864.0
1684300361.2010128,1819.2,4084.8,60483.2
1684300361.250857,1819.2,4049.6,60500.8
1684300361.3003528,1902.4,4038.4,60521.6
1684300361.3504102,1822.4,4028.8,60486.4
1684300361.400737,1740.8,4014.4,60572.8
1684300361.450713,1832.0,4096.0,60595.2
1684300361.5008452,1756.8,4051.2,60608.0
1684300361.5508006,1758.4,4155.2,60532.8
1684300361.6007514,1760.0,4217.6,60515.2
1684300361.6507077,1756.8,4302.4,60558.4
1684300361.700718,1760.0,4320.0,60172.8
1684300361.7507918,1763.2,4449.6,60150.4
1684300361.8007293,1763.2,4480.0,60147.2
1684300361.8507051,1761.6,4550.4,60088.0
1684300361.9006991,1684.8,4548.8,60363.2
1684300361.950796,1684.8,4516.8,60387.2
1684300362.0007439,1763.2,4608.0,60048.0
1684300362.051036,1681.6,4449.6,59953.6
1684300362.10081,1683.2,4420.8,59923.2
1684300362.1508255,1761.6,4481.6,59726.4
1684300362.2010355,1761.6,4491.2,59811.2
1684300362.2507803,1760.0,4489.6,60129.6
1684300362.3007627,1755.2,4342.4,60427.2
1684300362.3508253,1753.6,4248.0,60392.0
1684300362.4007328,1756.8,4326.4,60372.8
1684300362.4507446,1755.2,4376.0,60396.8
1684300362.5007458,1755.2,4364.8,60395.2
1684300362.550782,1753.6,4387.2,60398.4
1684300362.600729,1675.2,4393.6,60680.0
1684300362.6507554,1676.8,4470.4,60731.2
1684300362.700702,1755.2,4480.0,60553.6
1684300362.7508185,1675.2,4371.2,60793.6
1684300362.8007154,1673.6,4337.6,60851.2
1684300362.8507226,1672.0,4793.6,60864.0
1684300362.9007103,1672.0,4784.0,60915.2
1684300362.9508295,1672.0,4652.8,60958.4
1684300363.0007172,1668.8,4652.8,60904.0
1684300363.0507345,1667.2,4732.8,60952.0
1684300363.100728,1672.0,4673.6,60947.2
1684300363.1507993,1670.4,4673.6,60892.8
1684300363.2010334,1588.8,4665.6,61219.2
1684300363.2507749,1588.8,4704.0,60972.8
1684300363.3007605,1505.6,4812.8,60971.2
1684300363.3508236,1504.0,4913.6,61070.4
1684300363.4007683,1582.4,5000.0,60838.4
1684300363.450831,1489.6,4880.0,60769.6
1684300363.5009067,1481.6,4856.0,61025.6
1684300363.550855,1480.0,4836.8,60996.8
1684300363.600879,1476.8,4678.4,61297.6
1684300363.6508126,1478.4,4601.6,61555.2
1684300363.7015226,1473.6,4644.8,61955.2
1684300363.7504292,1548.8,4622.4,62022.4
1684300363.8001337,1544.0,4611.2,62000.0
1684300363.849783,1539.2,4598.4,62075.2
1684300363.899804,1540.8,4628.8,62046.4
1684300363.950842,1620.8,4742.4,61768.0
1684300364.0007746,1542.4,4662.4,62116.8
1684300364.0507278,1544.0,4649.6,62216.0
1684300364.1007817,1544.0,4851.2,62232.0
1684300364.1507978,1465.6,4792.0,62476.8
1684300364.2010396,1465.6,4772.8,62449.6
1684300364.2507806,1465.6,4744.0,62414.4
1684300364.3007264,1464.0,4721.6,62473.6
1684300364.3508458,1465.6,4721.6,62520.0
1684300364.4009066,1462.4,4664.0,62542.4
1684300364.4507704,1462.4,4632.0,62532.8
1684300364.500731,1542.4,4782.4,62297.6
1684300364.5508418,1542.4,4790.4,62294.4
1684300364.6007187,1542.4,4889.6,62256.0
1684300364.6507432,1540.8,4998.4,62265.6
1684300364.7007163,1460.8,4905.6,62417.6
1684300364.7508237,1460.8,4992.0,62488.0
1684300364.8007221,1460.8,5028.8,62499.2
1684300364.851096,1460.8,4593.6,62497.6
1684300364.9011264,1460.8,4683.2,62534.4
1684300364.9509237,1459.2,4804.8,62329.6
1684300365.0003943,1459.2,4812.8,62393.6
1684300365.0504012,1539.2,4712.0,62384.0
1684300365.1007273,1534.4,4683.2,62380.8
1684300365.1511369,1619.2,4761.6,62118.4
1684300365.2010481,1620.8,4779.2,62177.6
1684300365.250794,1620.8,4776.0,62457.6
1684300365.3007553,1620.8,4688.0,62433.6
1684300365.3508532,1700.8,4816.0,62132.8
1684300365.400741,1619.2,4691.2,62283.2
1684300365.4507186,1620.8,4739.2,62356.8
1684300365.5007849,1537.6,4936.0,62433.6
1684300365.550791,1452.8,4936.0,62732.8
1684300365.600753,1376.0,5032.0,62723.2
1684300365.6507034,1292.8,5099.2,62652.8
1684300365.700739,1379.2,5139.2,62539.2
1684300365.7507758,1379.2,5036.8,62166.4
1684300365.8007283,1462.4,5081.6,61908.8
1684300365.8507175,1542.4,5027.2,61620.8
1684300365.9007385,1622.4,5084.8,61467.2
1684300365.9510574,1540.8,5062.4,61745.6
1684300366.0008993,1542.4,5051.2,61723.2
1684300366.0503511,1622.4,5192.0,61632.0
1684300366.100399,1620.8,5020.8,61624.0
1684300366.1508198,1619.2,5017.6,61614.4
1684300366.201029,1694.4,5044.8,61587.2
1684300366.251111,1694.4,5075.2,61547.2
1684300366.300791,1702.4,5203.2,61547.2
1684300366.3504748,1700.8,5216.0,61496.0
1684300366.400351,1702.4,5196.8,61123.2
1684300366.4504158,1702.4,5200.0,60950.4
1684300366.5007389,1622.4,5051.2,61217.6
1684300366.5508206,1622.4,5022.4,61238.4
1684300366.600735,1700.8,4977.6,61142.4
1684300366.650712,1700.8,4782.4,61113.6
1684300366.7006946,1700.8,4795.2,61056.0
1684300366.7508004,1700.8,4809.6,61051.2
1684300366.80072,1700.8,4796.8,60995.2
1684300366.8507419,1707.2,4776.0,60985.6
1684300366.9010205,1788.8,4726.4,60872.0
1684300366.9509292,1788.8,4696.0,61057.6
1684300367.0007682,1793.6,4707.2,61020.8
1684300367.051136,1793.6,4912.0,60758.4
1684300367.1008008,1793.6,5040.0,60764.8
1684300367.1508327,1708.8,4960.0,61001.6
1684300367.2010078,1624.0,4960.0,61004.8
1684300367.2507606,1624.0,4960.0,61030.4
1684300367.3007598,1700.8,5019.2,61017.6
1684300367.350837,1620.8,4800.0,61318.4
1684300367.4007642,1622.4,4752.0,61380.8
1684300367.4507105,1622.4,4732.8,61310.4
1684300367.5007122,1622.4,4481.6,61235.2
1684300367.5507755,1627.2,4491.2,61267.2
1684300367.6007211,1620.8,4497.6,61267.2
1684300367.6507158,1622.4,4428.8,61316.8
1684300367.7007236,1697.6,4428.8,61184.0
1684300367.7507634,1699.2,4582.4,61241.6
1684300367.800712,1699.2,4646.4,61283.2
1684300367.8507156,1702.4,4737.6,61222.4
1684300367.9007378,1620.8,4670.4,61398.4
1684300367.950764,1627.2,4579.2,61398.4
1684300368.0007436,1628.8,4699.2,61443.2
1684300368.0507073,1548.8,4561.6,61505.6
1684300368.1007354,1548.8,4601.6,61449.6
1684300368.150787,1548.8,4582.4,61449.6
1684300368.2010324,1473.6,4564.8,61444.8
1684300368.2507493,1480.0,4564.8,61507.2
1684300368.3007367,1473.6,4449.6,61448.0
1684300368.3508391,1473.6,4427.2,61518.4
1684300368.400748,1552.0,4545.6,61604.8
1684300368.450802,1550.4,4572.8,61806.4
1684300368.5009372,1550.4,4571.2,61782.4
1684300368.5508733,1550.4,4600.0,61745.6
1684300368.6007338,1472.0,4544.0,61891.2
1684300368.6510503,1472.0,4633.6,61864.0
1684300368.7007413,1472.0,4633.6,61872.0
1684300368.750822,1472.0,4521.6,61803.2
1684300368.8007243,1472.0,4532.8,61851.2
1684300368.850716,1465.6,4515.2,61816.0
1684300368.9007006,1384.0,4504.0,61923.2
1684300368.9508228,1388.8,4404.8,61915.2
1684300369.000725,1382.4,4384.0,61884.8
1684300369.0507326,1302.4,4200.0,62166.4
1684300369.100756,1384.0,4195.2,61969.6
1684300369.150801,1384.0,4185.6,62006.4
1684300369.2010415,1384.0,4145.6,61947.2
1684300369.2507553,1382.4,4147.2,61880.0
1684300369.3007538,1305.6,4136.0,61921.6
1684300369.3508105,1305.6,4156.8,61888.0
1684300369.4008996,1307.2,4328.0,61902.4
1684300369.4507499,1305.6,4446.4,61880.0
1684300369.5007436,1305.6,4489.6,61870.4
1684300369.5507889,1302.4,4766.4,61868.8
1684300369.6007533,1302.4,4750.4,61929.6
1684300369.6507013,1379.2,4832.0,61640.0
1684300369.7006931,1216.0,4716.8,61937.6
1684300369.7507699,1216.0,4659.2,61985.6
1684300369.80072,1217.6,4736.0,62204.8
1684300369.8507094,1216.0,4721.6,62240.0
1684300369.9007363,1214.4,4731.2,61998.4
1684300369.9507787,1286.4,4803.2,61905.6
1684300370.0007455,1363.2,4715.2,61835.2
1684300370.0507014,1364.8,4715.2,61782.4
1684300370.1007347,1364.8,4744.0,61785.6
1684300370.1510377,1364.8,4764.8,61756.8
1684300370.2011845,1364.8,4833.6,61819.2
1684300370.2503939,1364.8,4838.4,61832.0
1684300370.3003843,1372.8,4894.4,61558.4
1684300370.3508577,1377.6,4964.8,61566.4
1684300370.4007614,1297.6,4844.8,61804.8
1684300370.4507046,1299.2,4819.2,61827.2
1684300370.5007112,1299.2,4790.4,61876.8
1684300370.5507753,1299.2,4780.8,61881.6
1684300370.600725,1299.2,4780.8,61896.0
1684300370.6507256,1299.2,4700.8,61888.0
1684300370.7007015,1299.2,4689.6,61910.4
1684300370.7507696,1302.4,4766.4,61936.0
1684300370.8007083,1302.4,4787.2,61924.8
1684300370.8507333,1302.4,4836.8,61896.0
1684300370.900699,1382.4,4918.4,61606.4
1684300370.9507964,1377.6,4947.2,61598.4
1684300371.0007088,1379.2,5044.8,61660.8
1684300371.0507815,1459.2,5137.6,61348.8
1684300371.100723,1376.0,5052.8,61496.0
1684300371.150808,1376.0,5033.6,61532.8
1684300371.2010074,1379.2,4984.0,61585.6
1684300371.2508335,1380.8,4982.4,61612.8
1684300371.302101,1379.2,4913.6,61579.2
1684300371.3504572,1379.2,4894.4,61558.4
1684300371.4003727,1377.6,4760.0,61542.4
1684300371.4503164,1457.6,4662.4,61563.2
1684300371.5008657,1457.6,4740.8,61648.0
1684300371.550835,1457.6,4465.6,61611.2
1684300371.6007435,1536.0,4488.0,61324.8
1684300371.650708,1456.0,4438.4,61579.2
1684300371.700732,1456.0,4580.8,61603.2
1684300371.7507803,1537.6,4659.2,61616.0
1684300371.8007476,1536.0,4555.2,61353.6
1684300371.8507066,1536.0,4545.6,61630.4
1684300371.9006999,1539.2,4668.8,61742.4
1684300371.9507596,1540.8,4587.2,61724.8
1684300372.0007465,1545.6,4556.8,61681.6
1684300372.0510287,1619.2,4537.6,61630.4
1684300372.1008236,1617.6,4459.2,61644.8
1684300372.150806,1625.6,4459.2,61713.6
1684300372.2011993,1704.0,4379.2,61684.8
1684300372.2503774,1702.4,4380.8,61652.8
1684300372.300326,1692.8,4323.2,61886.4
1684300372.3508747,1686.4,4284.8,61854.4
1684300372.4007666,1686.4,4281.6,61851.2
1684300372.4507248,1686.4,4451.2,61859.2
1684300372.500718,1686.4,4480.0,61806.4
1684300372.550794,1688.0,4587.2,61865.6
1684300372.600721,1686.4,4609.6,61816.0
1684300372.6507406,1686.4,4588.8,61854.4
1684300372.7007918,1686.4,4588.8,61811.2
1684300372.7508895,1683.2,4960.0,61843.2
1684300372.8007305,1681.6,4937.6,61852.8
1684300372.8507473,1758.4,4843.2,61830.4
1684300372.9007168,1678.4,4753.6,62073.6
1684300372.9508145,1676.8,4724.8,62043.2
1684300373.0007024,1750.4,4739.2,62057.6
1684300373.0507212,1668.8,4644.8,62305.6
