Time,Right Hand Signal,Head Signal,Strain Gauge Signal
1684299465.7900422,1480.5333333333333,4736.0,61513.6
1684299465.8402967,1480.5333333333333,4622.933333333333,61491.2
1684299465.890166,1526.4,4608.0,61490.13333333333
1684299465.940053,1525.3333333333333,4608.0,61508.26666666667
1684299465.9900465,1524.2666666666667,4528.0,61682.13333333333
1684299466.0400474,1524.2666666666667,4526.933333333333,61685.333333333336
1684299466.0901198,1524.2666666666667,4416.0,61625.6
1684299466.1400385,1525.3333333333333,4376.533333333334,61655.46666666667
1684299466.1900547,1472.0,4376.533333333334,61648.0
1684299466.240035,1473.0666666666666,4414.933333333333,61625.6
1684299466.2901204,1473.0666666666666,4457.6,61662.933333333334
1684299466.340045,1473.0666666666666,4533.333333333333,61633.066666666666
1684299466.390054,1473.0666666666666,4565.333333333333,61654.4
1684299466.4400208,1360.0,4603.733333333334,61524.26666666667
1684299466.4901571,1412.2666666666667,4538.666666666667,61506.13333333333
1684299466.5402343,1415.4666666666667,4524.8,61442.13333333333
1684299466.5900948,1526.4,4587.733333333334,61230.933333333334
1684299466.6401544,1527.4666666666667,4512.0,61277.86666666667
1684299466.6901507,1531.7333333333333,4498.133333333333,61308.8
1684299466.740053,1532.8,4419.2,61293.86666666667
1684299466.790027,1532.8,4423.466666666666,61239.46666666667
1684299466.840036,1529.6,4422.4,61251.2
1684299466.890096,1531.7333333333333,4410.666666666667,61345.066666666666
1684299466.9400666,1476.2666666666667,4424.533333333334,61360.0
1684299466.9900272,1472.0,4464.0,61378.13333333333
1684299467.0403004,1470.9333333333334,4556.8,61222.4
1684299467.0901556,1470.9333333333334,4549.333333333333,61266.13333333333
1684299467.1400716,1468.8,4636.8,61301.333333333336
1684299467.190022,1469.8666666666666,4622.933333333333,61292.8
1684299467.240024,1469.8666666666666,4682.666666666667,61362.13333333333
1684299467.2901115,1523.2,4737.066666666667,61390.933333333334
1684299467.3400407,1522.1333333333334,4661.333333333333,61403.73333333333
1684299467.3900275,1522.1333333333334,4667.733333333334,61612.8
1684299467.440049,1523.2,4667.733333333334,61784.53333333333
1684299467.4901016,1469.8666666666666,4505.6,61906.13333333333
1684299467.5402982,1414.4,4405.333333333333,61929.6
1684299467.590055,1415.4666666666667,4308.266666666666,61867.73333333333
1684299467.6408331,1415.4666666666667,4248.533333333334,61802.666666666664
1684299467.6903892,1363.2,4267.733333333334,61819.73333333333
1684299467.740184,1307.7333333333333,4215.466666666666,62008.53333333333
1684299467.788241,1309.8666666666666,4222.933333333333,62053.333333333336
1684299467.838042,1308.8,4312.533333333334,61846.4
1684299467.8880856,1255.4666666666667,4339.2,61845.333333333336
1684299467.9381933,1304.5333333333333,4363.733333333334,61845.333333333336
1684299467.988081,1302.4,4417.066666666667,61900.8
1684299468.0380006,1253.3333333333333,4486.4,61726.933333333334
1684299468.088076,1253.3333333333333,4398.933333333333,61762.13333333333
1684299468.1379936,1252.2666666666667,4406.4,61717.333333333336
1684299468.1879802,1253.3333333333333,4283.733333333334,61877.333333333336
1684299468.2379782,1254.4,4279.466666666666,61930.666666666664
1684299468.2880363,1254.4,4280.533333333334,61965.86666666667
1684299468.3379936,1307.7333333333333,4274.133333333333,61940.26666666667
1684299468.3881402,1307.7333333333333,4326.4,61940.26666666667
1684299468.438029,1307.7333333333333,4343.466666666666,61820.8
1684299468.4901335,1310.9333333333334,4357.333333333333,61846.4
1684299468.540208,1315.2,4355.2,61868.8
1684299468.5900955,1319.4666666666667,4368.0,61878.4
1684299468.640069,1322.6666666666667,4366.933333333333,61928.53333333333
1684299468.6901104,1376.0,4500.266666666666,61761.066666666666
1684299468.7400355,1323.7333333333333,4454.4,61953.066666666666
1684299468.7904446,1323.7333333333333,4448.0,61944.53333333333
1684299468.839842,1323.7333333333333,4427.733333333334,61933.86666666667
1684299468.889465,1273.6,4473.6,61754.666666666664
1684299468.9393253,1328.0,4526.933333333333,61771.73333333333
1684299468.9900362,1329.0666666666666,4486.4,61713.066666666666
1684299469.0400288,1329.0666666666666,4486.4,61731.2
1684299469.090122,1333.3333333333333,4472.533333333334,61785.6
1684299469.140039,1331.2,4473.6,61760.0
1684299469.1900568,1331.2,4472.533333333334,61813.333333333336
1684299469.2400198,1382.4,4493.866666666667,61665.066666666666
1684299469.2901647,1382.4,4441.6,61630.933333333334
1684299469.3400571,1382.4,4427.733333333334,61687.46666666667
1684299469.390294,1384.5333333333333,4434.133333333333,61671.46666666667
1684299469.4400406,1334.4,4381.866666666667,61817.6
1684299469.4901175,1281.0666666666666,4445.866666666667,61818.666666666664
1684299469.540228,1276.8,4440.533333333334,61661.86666666667
1684299469.5901175,1165.8666666666666,4432.0,61872.0
1684299469.6400836,1164.8,4454.4,61851.73333333333
1684299469.6901376,1160.5333333333333,4454.4,61835.73333333333
1684299469.740045,1367.4666666666667,4440.533333333334,61814.4
1684299469.7900348,1760.0,4434.133333333333,61832.53333333333
1684299469.8400383,2154.6666666666665,4434.133333333333,61805.86666666667
1684299469.8901212,2491.733333333333,4373.333333333333,61753.6
1684299469.940049,2907.733333333333,4368.0,61645.86666666667
1684299469.9900167,3297.0666666666666,4360.533333333334,61648.0
1684299470.0400503,3680.0,4346.666666666667,61851.73333333333
1684299470.0903504,4122.666666666667,4347.733333333334,61819.73333333333
1684299470.1401026,4525.866666666667,4355.2,61661.86666666667
1684299470.1900625,4968.533333333334,4409.6,61463.46666666667
1684299470.2400286,5410.133333333333,4455.466666666666,61270.4
1684299470.2900972,5763.2,4409.6,61435.73333333333
1684299470.3400378,6204.8,4402.133333333333,61429.333333333336
1684299470.3900247,6700.8,4477.866666666667,61345.066666666666
1684299470.440022,7113.6,4466.133333333333,61351.46666666667
1684299470.4900923,7520.0,4473.6,61396.26666666667
1684299470.5402646,7901.866666666667,4513.066666666667,61368.53333333333
1684299470.5900502,8276.266666666666,4494.933333333333,61400.53333333333
1684299470.640143,8653.866666666667,4434.133333333333,61450.666666666664
1684299470.6902099,9028.266666666666,4414.933333333333,61354.666666666664
1684299470.7400663,9394.133333333333,4413.866666666667,61326.933333333334
1684299470.790044,9981.866666666667,4428.8,61309.86666666667
1684299470.8400638,10348.8,4362.666666666667,61437.86666666667
1684299470.8901043,10716.8,4290.133333333333,61384.53333333333
1684299470.9400337,11031.466666666667,4290.133333333333,61283.2
1684299470.9900353,11400.533333333333,4216.533333333334,61127.46666666667
1684299471.0400245,11760.0,4243.2,61236.26666666667
1684299471.0903027,12176.0,4265.6,61052.8
1684299471.1401093,12537.6,4350.933333333333,60938.666666666664
1684299471.1901574,12845.866666666667,4394.666666666667,60843.73333333333
1684299471.240025,13211.733333333334,4398.933333333333,60708.26666666667
1684299471.2901464,13574.4,4433.066666666667,60564.26666666667
1684299471.3400593,13937.066666666668,4428.8,60464.0
1684299471.390058,14298.666666666666,4396.8,60310.4
1684299471.440075,14662.4,4307.2,60311.46666666667
1684299471.4901202,15075.2,4406.4,59977.6
1684299471.540232,15440.0,4460.8,59879.46666666667
1684299471.5900874,15814.4,4539.733333333334,59724.8
1684299471.6400874,16176.0,4599.466666666666,59559.46666666667
1684299471.6901948,16490.666666666668,4558.933333333333,59645.86666666667
1684299471.7400343,16855.466666666667,4649.6,59493.333333333336
1684299471.7900283,17223.466666666667,4704.0,59356.8
1684299471.840027,17579.733333333334,4790.4,59201.066666666666
1684299471.8900888,17944.533333333333,4776.533333333334,59243.73333333333
1684299471.9400687,18249.6,4931.2,59118.933333333334
1684299471.9900386,18613.333333333332,5050.666666666667,59053.86666666667
1684299472.0402925,18976.0,5130.666666666667,58902.4
1684299472.0901718,19330.133333333335,5117.866666666667,58682.666666666664
1684299472.1400638,19741.866666666665,5141.333333333333,58308.26666666667
1684299472.1900423,20153.6,5193.6,57940.26666666667
1684299472.2400472,20513.066666666666,5058.133333333333,57868.8
1684299472.290095,20868.266666666666,5045.333333333333,57673.6
1684299472.3404,21228.8,4955.733333333334,57448.53333333333
1684299472.3904166,21585.066666666666,4942.933333333333,57173.333333333336
1684299472.4400887,21941.333333333332,4929.066666666667,57011.2
1684299472.4901867,22295.466666666667,4957.866666666667,56861.86666666667
1684299472.5402396,22653.866666666665,4936.533333333334,56781.86666666667
1684299472.5900545,23057.066666666666,4918.4,56474.666666666664
1684299472.6403773,23413.333333333332,4980.266666666666,56062.933333333334
1684299472.690168,23768.533333333333,4958.933333333333,55800.53333333333
1684299472.7400715,23910.4,4978.133333333333,55562.666666666664
1684299472.7900727,23868.8,4950.4,55369.6
1684299472.840031,23822.933333333334,5024.0,55225.6
1684299472.8901277,23841.066666666666,5579.733333333334,54857.6
1684299472.940098,23781.333333333332,6138.666666666667,54728.53333333333
1684299472.990063,23749.333333333332,6691.2,54504.53333333333
1684299473.040028,23724.8,7294.933333333333,54242.13333333333
1684299473.0901494,23638.4,7953.066666666667,54021.333333333336
1684299473.1400366,23546.666666666668,8581.333333333334,53987.2
1684299473.190055,23465.6,9264.0,53950.933333333334
1684299473.2400231,23386.666666666668,9920.0,53986.13333333333
1684299473.2900782,23397.333333333332,10643.2,53614.933333333334
1684299473.340039,23319.466666666667,11369.6,53382.4
1684299473.3903458,23187.2,12040.533333333333,53207.46666666667
1684299473.440097,23131.733333333334,12758.4,52988.8
1684299473.4901383,23077.333333333332,13532.8,52728.53333333333
1684299473.5402575,23046.4,14251.733333333334,52585.6
1684299473.5900462,23033.6,14938.666666666666,52334.933333333334
1684299473.6401286,23006.933333333334,15628.8,52102.4
1684299473.6902082,22982.4,16328.533333333333,51836.8
1684299473.7400758,22967.466666666667,16963.2,51702.4
1684299473.7900524,22726.4,17474.133333333335,51542.4
1684299473.8400295,22762.666666666668,18097.066666666666,51227.73333333333
1684299473.8900964,22748.8,18103.466666666667,50964.26666666667
1684299473.9400315,22730.666666666668,18148.266666666666,50900.26666666667
1684299473.9900284,22769.066666666666,18264.533333333333,50732.8
1684299474.0400238,22811.733333333334,18197.333333333332,50425.6
1684299474.090101,22746.666666666668,18177.066666666666,50388.26666666667
1684299474.1400201,22790.4,18160.0,50105.6
1684299474.190002,22832.0,18142.933333333334,49825.066666666666
1684299474.2400494,22817.066666666666,18108.8,49738.666666666664
1684299474.2900808,22805.333333333332,18121.6,49596.8
1684299474.3400517,22740.266666666666,18119.466666666667,49555.2
1684299474.390371,22727.466666666667,18145.066666666666,49446.4
1684299474.4402926,22712.533333333333,18249.6,49332.26666666667
1684299474.4901626,22646.4,18115.2,49490.13333333333
1684299474.540258,22630.4,18074.666666666668,49388.8
1684299474.5900607,22608.0,17974.4,49337.6
1684299474.6401253,22600.533333333333,17907.2,49264.0
1684299474.6901133,22641.066666666666,17843.2,48983.46666666667
1684299474.7400503,22630.4,17750.4,48876.8
1684299474.7901306,22617.6,17682.133333333335,48882.13333333333
1684299474.8400538,22616.533333333333,17609.6,48835.2
1684299474.890145,22605.866666666665,17549.866666666665,48765.86666666667
1684299474.9400434,22597.333333333332,17387.733333333334,48697.6
1684299474.9900467,22593.066666666666,17289.6,48561.066666666666
1684299475.0400634,22586.666666666668,17195.733333333334,48512.0
1684299475.090403,22584.533333333333,17194.666666666668,48541.86666666667
1684299475.140096,22532.266666666666,17137.066666666666,48683.73333333333
1684299475.190066,22477.866666666665,17125.333333333332,48808.53333333333
1684299475.2400248,22476.8,17206.4,48658.13333333333
1684299475.2901337,22477.866666666665,17260.8,48638.933333333334
1684299475.340035,22473.6,17265.066666666666,48649.6
1684299475.3900402,22473.6,17326.933333333334,48737.066666666666
1684299475.4400108,22474.666666666668,17333.333333333332,48695.46666666667
1684299475.4901278,22478.933333333334,17206.4,48673.066666666666
1684299475.540212,22477.866666666665,17265.066666666666,48598.4
1684299475.5900736,22427.733333333334,17223.466666666667,48690.13333333333
1684299475.6401265,22428.8,17163.733333333334,48899.2
1684299475.6901248,22424.533333333333,17217.066666666666,48953.6
1684299475.7400424,22430.933333333334,17230.933333333334,49021.86666666667
1684299475.790026,22436.266666666666,17284.266666666666,48862.933333333334
1684299475.8400612,22494.933333333334,17266.133333333335,48785.066666666666
1684299475.8900857,22496.0,16771.2,48811.73333333333
1684299475.940028,22613.333333333332,16305.066666666668,48622.933333333334
1684299475.990016,22662.4,15746.133333333333,48471.46666666667
1684299476.0400467,22716.8,15062.4,48503.46666666667
1684299476.0900753,22771.2,14504.533333333333,48465.066666666666
1684299476.1404455,22763.733333333334,13835.733333333334,48289.066666666666
1684299476.1899722,22756.266666666666,13091.2,48368.0
1684299476.239789,22748.8,12305.066666666668,48109.86666666667
1684299476.2902162,22686.933333333334,11566.933333333332,48237.86666666667
1684299476.3401096,22680.533333333333,10822.4,48299.73333333333
1684299476.3900344,22674.133333333335,10056.533333333333,48321.066666666666
1684299476.4404094,22666.666666666668,9317.333333333334,48324.26666666667
1684299476.4902017,22663.466666666667,8535.466666666667,48384.0
1684299476.5403087,22663.466666666667,7831.466666666666,48196.26666666667
1684299476.590059,22651.733333333334,7130.666666666667,48221.86666666667
1684299476.6401842,22652.8,6460.8,48257.066666666666
1684299476.6902034,22652.8,5740.8,48339.2
1684299476.7400737,22651.733333333334,5166.933333333333,48305.066666666666
1684299476.7900457,22651.733333333334,4649.6,48286.933333333334
1684299476.8400285,22597.333333333332,3998.9333333333334,48434.13333333333
1684299476.8901632,22593.066666666666,4057.6,48580.26666666667
1684299476.940055,22599.466666666667,4653.866666666667,48548.26666666667
1684299476.9900303,22555.733333333334,5264.0,48610.13333333333
1684299477.040374,22518.4,5912.533333333334,48821.333333333336
1684299477.090237,22538.666666666668,6753.066666666667,48699.73333333333
1684299477.1406467,22564.266666666666,7398.4,48903.46666666667
1684299477.1908057,22534.4,8184.533333333334,49059.2
1684299477.2382486,22557.866666666665,9063.466666666667,49079.46666666667
1684299477.288113,22651.733333333334,9890.133333333333,49136.0
1684299477.338017,22674.133333333335,10934.4,49033.6
1684299477.387989,22693.333333333332,11735.466666666667,48848.0
1684299477.4379816,22708.266666666666,12507.733333333334,48834.13333333333
1684299477.4880402,22714.666666666668,13366.4,48795.73333333333
1684299477.538129,22712.533333333333,14229.333333333334,48850.13333333333
1684299477.5879905,22713.6,15123.2,48896.0
1684299477.638051,22708.266666666666,15990.4,48864.0
1684299477.6880522,22708.266666666666,16761.6,49056.0
1684299477.7379916,22702.933333333334,17464.533333333333,49134.933333333334
1684299477.788008,22691.2,17557.333333333332,49132.8
1684299477.8379738,22685.866666666665,17543.466666666667,49148.8
1684299477.8880298,22675.2,17671.466666666667,49246.933333333334
1684299477.9401326,22675.2,17625.6,49243.73333333333
1684299477.9900308,22720.0,17618.133333333335,49315.2
1684299478.0400732,22712.533333333333,17714.133333333335,49358.933333333334
1684299478.0901103,22706.133333333335,17714.133333333335,49276.8
1684299478.1400464,22695.466666666667,17714.133333333335,49312.0
1684299478.190048,22690.133333333335,17660.8,49339.73333333333
1684299478.2409034,22632.533333333333,17609.6,49328.0
1684299478.2895548,22628.266666666666,17554.133333333335,49305.6
1684299478.3394332,22621.866666666665,17580.8,49321.6
1684299478.3899157,22613.333333333332,17504.0,49317.333333333336
1684299478.4397836,22603.733333333334,17545.6,49321.6
1684299478.4901507,22602.666666666668,17578.666666666668,49310.933333333334
1684299478.5402706,22597.333333333332,17598.933333333334,49394.13333333333
1684299478.5900633,22599.466666666667,17668.266666666666,49447.46666666667
1684299478.6401782,22597.333333333332,17660.8,49436.8
1684299478.6901262,22602.666666666668,17654.4,49441.066666666666
1684299478.7400565,22603.733333333334,17620.266666666666,49459.2
1684299478.7900624,22609.066666666666,17566.933333333334,49601.066666666666
1684299478.84033,22562.133333333335,17480.533333333333,49645.86666666667
1684299478.8904264,22569.6,17488.0,49848.53333333333
1684299478.9397042,22464.0,17405.866666666665,50206.933333333334
1684299478.9897535,22439.466666666667,17438.933333333334,50548.26666666667
1684299479.0400612,22409.6,17451.733333333334,50710.4
1684299479.0901735,22355.2,17378.133333333335,50967.46666666667
1684299479.1403787,22283.733333333334,17390.933333333334,51188.26666666667
1684299479.1901045,21928.533333333333,17397.333333333332,51325.86666666667
1684299479.2400408,21573.333333333332,17429.333333333332,51700.26666666667
1684299479.290243,21270.4,17430.4,51863.46666666667
1684299479.3400755,20913.066666666666,17508.266666666666,52004.26666666667
1684299479.3903277,20610.133333333335,17521.066666666666,52174.933333333334
1684299479.4400556,20260.266666666666,17541.333333333332,52391.46666666667
1684299479.4901445,19910.4,17588.266666666666,52601.6
1684299479.540258,19613.866666666665,17527.466666666667,52969.6
1684299479.5900548,19264.0,17594.666666666668,53208.53333333333
1684299479.6401374,18912.0,17557.333333333332,53388.8
1684299479.6902015,18596.266666666666,17571.2,53622.4
1684299479.7400885,18300.8,17508.266666666666,53652.26666666667
1684299479.7900565,18006.4,17462.4,53717.333333333336
1684299479.8401783,17709.866666666665,17476.266666666666,53906.13333333333
1684299479.8901677,17363.2,17437.866666666665,54133.333333333336
1684299479.9400861,17010.133333333335,16784.0,54310.4
1684299479.9900513,16647.466666666667,16112.0,54572.8
1684299480.0400522,16283.733333333334,15446.4,54765.86666666667
1684299480.090334,15912.533333333333,14603.733333333334,55076.26666666667
1684299480.140386,15485.866666666667,13883.733333333334,55244.8
1684299480.189964,15111.466666666667,13094.4,55504.0
1684299480.2396972,14789.333333333334,12345.6,55474.13333333333
1684299480.2902038,14344.533333333333,11534.933333333332,55675.73333333333
1684299480.3400705,13971.2,10489.6,55985.066666666666
1684299480.3900325,13603.2,9621.333333333334,56390.4
1684299480.4403672,13238.4,8787.2,56449.066666666666
1684299480.4901648,12882.133333333333,7934.933333333333,56663.46666666667
1684299480.540239,12536.533333333333,7038.933333333333,56837.333333333336
1684299480.5900693,12179.2,6157.866666666667,57008.0
1684299480.6401165,11828.266666666666,5324.8,57212.8
1684299480.6901803,11474.133333333333,4540.8,57212.8
1684299480.7400463,11124.266666666666,3838.9333333333334,57349.333333333336
1684299480.790042,10781.866666666667,3792.0,57531.73333333333
1684299480.8400168,10430.933333333332,3804.8,57705.6
1684299480.890135,10085.333333333334,3704.5333333333333,57834.666666666664
1684299480.940043,9738.666666666666,3717.3333333333335,58007.46666666667
1684299480.990036,9333.333333333334,3723.733333333333,58178.13333333333
1684299481.0400267,8983.466666666667,3714.133333333333,58352.0
1684299481.0901384,8633.6,3714.133333333333,58562.13333333333
1684299481.140174,8284.8,3852.8,58763.73333333333
1684299481.190049,7931.733333333334,3866.6666666666665,58954.666666666664
1684299481.2400491,7634.133333333333,3927.4666666666667,59217.066666666666
1684299481.290136,7282.133333333333,4021.3333333333335,59361.066666666666
1684299481.340066,6931.2,4067.2,59565.86666666667
1684299481.390025,6581.333333333333,4082.133333333333,59751.46666666667
1684299481.44007,6289.066666666667,4082.133333333333,59805.86666666667
1684299481.490169,5934.933333333333,4088.5333333333333,60049.066666666666
1684299481.5402727,5586.133333333333,4029.866666666667,60304.0
1684299481.5900288,5282.133333333333,3984.0,60393.6
1684299481.640158,4928.0,3989.3333333333335,60616.53333333333
1684299481.6901407,4572.8,3969.0666666666666,60805.333333333336
1684299481.740064,4216.533333333334,4003.2,61009.066666666666
1684299481.7900164,3854.9333333333334,4064.0,61225.6
1684299481.8400118,3492.266666666667,4107.733333333334,61378.13333333333
1684299481.8901389,3127.4666666666667,4045.866666666667,61569.066666666666
1684299481.9400377,2759.4666666666667,4161.066666666667,61646.933333333334
1684299481.9900038,2377.6,4082.133333333333,61706.666666666664
1684299482.0403378,1995.7333333333333,4148.266666666666,61750.4
1684299482.0902407,1692.8,4124.8,61686.4
1684299482.1407895,1408.0,4110.933333333333,61821.86666666667
1684299482.190794,1406.9333333333334,4132.266666666666,61646.933333333334
1684299482.238244,1408.0,4125.866666666667,61659.73333333333
1684299482.2881093,1358.9333333333334,4124.8,61712.0
1684299482.3380175,1415.4666666666667,4096.0,61722.666666666664
1684299482.3879898,1415.4666666666667,4103.466666666666,61555.2
1684299482.4379714,1470.9333333333334,4101.333333333333,61549.86666666667
1684299482.4880514,1474.1333333333334,4068.266666666667,61545.6
1684299482.5381308,1418.6666666666667,4067.2,61328.0
1684299482.587987,1417.6,4065.0666666666666,61271.46666666667
1684299482.638027,1417.6,4110.933333333333,61331.2
1684299482.6880682,1383.4666666666667,4109.866666666667,61146.666666666664
1684299482.7379844,1328.0,4126.933333333333,61315.2
1684299482.7879665,1272.5333333333333,4110.933333333333,61364.26666666667
1684299482.8379629,1273.6,4189.866666666667,61291.73333333333
1684299482.8880486,1269.3333333333333,4161.066666666667,61260.8
1684299482.9401274,1265.0666666666666,4219.733333333334,61217.066666666666
1684299482.9900203,1264.0,4172.8,61186.13333333333
1684299483.0400496,1262.9333333333334,4158.933333333333,61192.53333333333
1684299483.0901186,1262.9333333333334,4213.333333333333,61093.333333333336
1684299483.1400828,1258.6666666666667,4241.066666666667,61032.53333333333
1684299483.190011,1257.6,4241.066666666667,60864.0
1684299483.2408645,1204.2666666666667,4137.6,61063.46666666667
1684299483.2896035,1259.7333333333333,4094.9333333333334,61081.6
1684299483.3394425,1258.6666666666667,4094.9333333333334,61065.6
1684299483.3899007,1258.6666666666667,4136.533333333334,61025.066666666666
1684299483.439757,1316.2666666666667,4134.4,61178.666666666664
1684299483.4901721,1317.3333333333333,4256.0,61193.6
1684299483.5402877,1313.0666666666666,4291.2,61168.0
1684299483.5900445,1315.2,4284.8,61171.2
1684299483.6401832,1314.1333333333334,4265.6,61212.8
1684299483.6901333,1259.7333333333333,4249.6,61430.4
1684299483.7400281,1313.0666666666666,4300.8,61239.46666666667
1684299483.7900467,1312.0,4248.533333333334,61241.6
1684299483.8402562,1313.0666666666666,4256.0,61225.6
1684299483.8902118,1314.1333333333334,4221.866666666667,61261.86666666667
1684299483.9400578,1477.3333333333333,4222.933333333333,61293.86666666667
1684299483.9900475,1737.6,4221.866666666667,61329.066666666666
1684299484.0400093,2131.2,4163.2,61328.0
1684299484.0901816,2525.866666666667,4163.2,61340.8
1684299484.1400309,2932.266666666667,4089.6,61362.13333333333
1684299484.1900637,3354.6666666666665,4109.866666666667,61345.066666666666
1684299484.2400093,3725.866666666667,4048.0,61452.8
1684299484.2901587,4139.733333333334,4046.9333333333334,61580.8
1684299484.3400447,4552.533333333334,3994.6666666666665,61520.0
1684299484.3903482,4966.4,4054.4,61489.066666666666
1684299484.4400423,5376.0,4028.8,61469.86666666667
1684299484.4901838,5786.666666666667,4022.4,61384.53333333333
1684299484.5402298,6186.666666666667,4001.0666666666666,61337.6
1684299484.590038,6589.866666666667,4045.866666666667,61278.933333333334
1684299484.640127,6977.066666666667,4048.0,61219.2
1684299484.6901429,7358.933333333333,4014.9333333333334,61166.933333333334
1684299484.7400408,7733.333333333333,4075.733333333333,61104.0
1684299484.7900136,8096.0,4036.266666666667,61001.6
1684299484.8400702,8466.133333333333,4029.866666666667,60956.8
1684299484.8902085,8888.533333333333,4145.066666666667,60626.13333333333
1684299484.9400892,9262.933333333332,4096.0,60450.13333333333
1684299484.9900253,9641.6,4154.666666666667,60322.13333333333
1684299485.0400178,10010.666666666666,4215.466666666666,60152.53333333333
1684299485.0902271,10382.933333333332,4324.266666666666,59893.333333333336
1684299485.140249,10757.333333333334,4298.666666666667,59815.46666666667
1684299485.1900465,11133.866666666667,4364.8,59777.066666666666
1684299485.2400377,11645.866666666667,4430.933333333333,59434.666666666664
1684299485.2901459,12062.933333333332,4492.8,59270.4
1684299485.3403397,12371.2,4449.066666666667,59163.73333333333
1684299485.3903825,12684.8,4440.533333333334,59145.6
1684299485.440181,12990.933333333332,4489.6,58980.26666666667
1684299485.4897757,13350.4,4480.0,58752.0
1684299485.5398233,13713.066666666668,4466.133333333333,58548.26666666667
1684299485.5900555,14071.466666666667,4413.866666666667,58318.933333333334
1684299485.640356,14429.866666666667,4393.6,58056.53333333333
1684299485.6901817,14785.066666666668,4378.666666666667,58024.53333333333
1684299485.7400415,15140.266666666666,4366.933333333333,57862.4
1684299485.7900455,15495.466666666667,4346.666666666667,57747.2
1684299485.8400593,15853.866666666667,4283.733333333334,57424.0
1684299485.8901708,16213.333333333334,4278.4,57203.2
1684299485.9400344,16569.6,4292.266666666666,57030.4
1684299485.990047,16918.4,4341.333333333333,56836.26666666667
1684299486.040007,17270.4,4326.4,56555.73333333333
1684299486.0901492,17626.666666666668,4312.533333333334,56492.8
1684299486.1400397,17981.866666666665,5008.0,56412.8
1684299486.1900432,18345.6,5728.0,56316.8
1684299486.2400458,18708.266666666666,6473.6,56134.4
1684299486.2901425,19025.066666666666,7118.933333333333,55923.2
1684299486.3400433,19394.133333333335,7878.4,55744.0
1684299486.39027,19771.733333333334,8626.133333333333,55572.26666666667
1684299486.4400682,20092.8,9330.133333333333,55427.2
1684299486.4901505,20460.8,9970.133333333333,55187.2
1684299486.5402334,20833.066666666666,10713.6,55049.6
1684299486.5900562,21201.066666666666,11515.733333333334,54836.26666666667
1684299486.6401167,21586.133333333335,12183.466666666667,54588.8
1684299486.690135,22090.666666666668,13027.2,54274.13333333333
1684299486.740065,22401.066666666666,13718.4,54258.13333333333
1684299486.790011,22768.0,14460.8,54036.26666666667
1684299486.840014,23129.6,15128.533333333333,53848.53333333333
1684299486.8901002,23493.333333333332,15222.4,53618.13333333333
1684299486.9400249,23744.0,15203.2,53191.46666666667
1684299486.9900088,23841.066666666666,15270.4,52983.46666666667
1684299487.0403817,23803.733333333334,15256.533333333333,52788.26666666667
1684299487.0901911,23765.333333333332,15284.266666666666,52590.933333333334
1684299487.1400821,23770.666666666668,15265.066666666668,52329.6
1684299487.1900206,23705.6,15289.6,51987.2
1684299487.2400272,23694.933333333334,15330.133333333333,51668.26666666667
1684299487.2901561,23636.266666666666,15232.0,51482.666666666664
1684299487.340074,23579.733333333334,15211.733333333334,51307.73333333333
1684299487.3900194,23525.333333333332,15118.933333333332,51091.2
1684299487.4400036,23415.466666666667,15111.466666666667,51096.53333333333
1684299487.4901316,23356.8,15095.466666666667,50993.066666666666
1684299487.5402362,23303.466666666667,15184.0,50830.933333333334
1684299487.5900776,23203.2,15108.266666666666,50754.13333333333
1684299487.640105,23166.933333333334,15140.266666666666,50630.4
1684299487.6901498,23142.4,15166.933333333332,50468.26666666667
1684299487.740035,23123.2,15079.466666666667,50311.46666666667
1684299487.790041,23115.733333333334,15072.0,50205.86666666667
1684299487.8400116,23101.866666666665,15051.733333333334,50067.2
1684299487.8901556,23034.666666666668,14977.066666666668,50200.53333333333
1684299487.9404318,23016.533333333333,14877.866666666667,50146.13333333333
1684299487.990489,22996.266666666666,14866.133333333333,49934.933333333334
1684299488.0397213,22989.866666666665,14706.133333333333,49848.53333333333
1684299488.0898776,22923.733333333334,14594.133333333333,49974.4
1684299488.1400774,22912.0,14553.6,49873.066666666666
1684299488.1900725,22900.266666666666,14453.333333333334,49924.26666666667
1684299488.2402878,22808.533333333333,14372.266666666666,50035.2
1684299488.2902064,22745.6,14343.466666666667,50020.26666666667
1684299488.3400652,22791.466666666667,14365.866666666667,49853.86666666667
1684299488.390331,22787.2,14414.933333333332,49804.8
1684299488.440093,22781.866666666665,14400.0,49809.066666666666
1684299488.4902227,22776.533333333333,14382.933333333332,49763.2
1684299488.540231,22774.4,14457.6,49987.2
1684299488.590055,22782.933333333334,14457.6,50068.26666666667
1684299488.6400745,22789.333333333332,14512.0,50109.86666666667
1684299488.6901648,22797.866666666665,14620.8,50099.2
1684299488.7400727,22811.733333333334,14618.666666666666,50054.4
1684299488.7900114,22830.933333333334,14625.066666666668,49997.86666666667
1684299488.8399928,22795.733333333334,14581.333333333334,50200.53333333333
1684299488.8901122,22868.266666666666,14635.733333333334,50022.4
1684299488.9409523,22888.533333333333,14582.4,50002.13333333333
1684299488.9897006,22969.6,14540.8,49998.933333333334
1684299489.0394373,23107.2,14541.866666666667,50043.73333333333
1684299489.088862,23126.4,14536.533333333333,49842.13333333333
1684299489.1387131,23192.533333333333,13813.333333333334,49828.26666666667
1684299489.188741,23198.933333333334,13153.066666666668,49895.46666666667
1684299489.2400334,23258.666666666668,12398.933333333332,49719.46666666667
1684299489.2902062,23253.333333333332,11772.8,49888.0
1684299489.3400602,23249.066666666666,11140.266666666666,50038.4
1684299489.3903239,23238.4,10372.266666666666,50184.53333333333
1684299489.440053,23216.0,9609.6,50358.4
1684299489.4901907,23213.866666666665,8892.8,50595.2
1684299489.5402462,23209.6,8141.866666666667,50711.46666666667
1684299489.590085,23187.2,7339.733333333334,50897.066666666666
1684299489.6400442,23127.466666666667,6678.4,51124.26666666667
1684299489.6901836,22622.933333333334,5834.666666666667,51400.53333333333
1684299489.7400448,22313.6,5179.733333333334,51467.73333333333
1684299489.7900047,21946.666666666668,4471.466666666666,51675.73333333333
1684299489.8400013,21585.066666666666,3795.2,51911.46666666667
1684299489.890133,21221.333333333332,3729.0666666666666,52084.26666666667
1684299489.9400594,20804.266666666666,3734.4,52519.46666666667
1684299489.9902842,20448.0,3721.6,52686.933333333334
1684299490.040736,20094.933333333334,3721.6,52843.73333333333
1684299490.0907435,19738.666666666668,3694.9333333333334,53003.73333333333
1684299490.1392481,19326.933333333334,3664.0,53268.26666666667
1684299490.1891105,18970.666666666668,3621.3333333333335,53448.53333333333
1684299490.240053,18555.733333333334,3594.6666666666665,53787.73333333333
1684299490.2901447,18201.6,3593.6,53996.8
1684299490.3400507,17846.4,3606.4,54155.73333333333
1684299490.3900247,17486.933333333334,3624.5333333333333,54404.26666666667
1684299490.4400218,17185.066666666666,3698.133333333333,54448.0
1684299490.4901204,16828.8,3713.0666666666666,54574.933333333334
1684299490.5402923,16480.0,3717.3333333333335,54597.333333333336
1684299490.590042,16125.866666666667,3724.8,54786.13333333333
1684299490.6400862,15773.866666666667,3737.6,54928.0
1684299490.690146,15416.533333333333,3744.0,55117.86666666667
1684299490.739943,15171.2,3879.4666666666667,55276.8
1684299490.7899384,14872.533333333333,3933.866666666667,55435.73333333333
1684299490.839832,14520.533333333333,3948.8,55686.4
1684299490.890165,14221.866666666667,3970.133333333333,55858.13333333333
1684299490.9400835,13864.533333333333,3976.5333333333333,56026.666666666664
1684299490.9900293,13616.0,3972.266666666667,56113.066666666666
1684299491.040312,13253.333333333334,3998.9333333333334,56347.73333333333
1684299491.090157,12896.0,3998.9333333333334,56574.933333333334
1684299491.1400821,12586.666666666666,4081.0666666666666,56566.4
1684299491.1900551,12225.066666666668,4082.133333333333,56754.13333333333
1684299491.2400408,11805.866666666667,4103.466666666666,57041.066666666666
1684299491.2901068,11448.533333333333,4064.0,57148.8
1684299491.3400738,11038.933333333332,4068.266666666667,57447.46666666667
1684299491.3900177,10677.333333333334,4020.266666666667,57716.26666666667
1684299491.4400828,10321.066666666668,4013.866666666667,57949.86666666667
1684299491.4900975,9964.8,4026.6666666666665,58173.86666666667
1684299491.5402555,9605.333333333334,3979.733333333333,58387.2
1684299491.590048,9239.466666666667,3993.6,58540.8
1684299491.6400437,8874.666666666666,3937.0666666666666,58726.4
1684299491.6902182,8512.0,3901.866666666667,58981.333333333336
1684299491.7400591,8142.933333333333,3901.866666666667,59190.4
1684299491.790301,7768.533333333334,3988.266666666667,59401.6
1684299491.8403552,7392.0,4016.0,59636.26666666667
1684299491.8903298,6961.066666666667,3962.6666666666665,60044.8
1684299491.9396408,6586.666666666667,3989.3333333333335,60282.666666666664
1684299491.9896367,6156.8,3984.0,60502.4
1684299492.040302,5664.0,3995.733333333333,60678.4
1684299492.0903707,5289.6,3994.6666666666665,61042.13333333333
1684299492.140046,4868.266666666666,3993.6,61205.333333333336
1684299492.190033,4499.2,3921.0666666666666,61334.4
1684299492.2400172,4080.0,3923.2,61654.4
1684299492.2901757,3713.0666666666666,3877.3333333333335,61707.73333333333
1684299492.3400426,3353.6,3749.3333333333335,61712.0
1684299492.39003,3040.0,3821.866666666667,61591.46666666667
1684299492.4400046,2684.8,3847.4666666666667,61549.86666666667
1684299492.4901679,2316.8,3824.0,61506.13333333333
1684299492.5402386,2003.2,3818.6666666666665,61504.0
1684299492.590034,1656.5333333333333,3878.4,61541.333333333336
1684299492.640046,1332.2666666666667,3917.866666666667,61534.933333333334
1684299492.690137,1332.2666666666667,4058.6666666666665,61546.666666666664
1684299492.7400792,1333.3333333333333,4030.9333333333334,61528.53333333333
1684299492.7900496,1389.8666666666666,4090.6666666666665,61370.666666666664
1684299492.8400211,1445.3333333333333,4148.266666666666,61171.2
1684299492.890115,1448.5333333333333,4141.866666666667,61194.666666666664
1684299492.9402406,1448.5333333333333,4142.933333333333,61174.4
1684299492.9900198,1450.6666666666667,4067.2,61177.6
1684299493.040031,1450.6666666666667,4073.6,61242.666666666664
1684299493.0901392,1456.0,4071.4666666666667,61315.2
1684299493.1400392,1456.0,4084.266666666667,61238.4
1684299493.1899962,1456.0,4082.133333333333,61442.13333333333
1684299493.2400284,1456.0,4158.933333333333,61481.6
1684299493.2901218,1454.9333333333334,4199.466666666666,61450.666666666664
1684299493.3400698,1450.6666666666667,4259.2,61469.86666666667
1684299493.3902798,1504.0,4294.4,61366.4
1684299493.4400713,1450.6666666666667,4218.666666666667,61525.333333333336
1684299493.4901483,1450.6666666666667,4270.933333333333,61575.46666666667
1684299493.5402968,1450.6666666666667,4266.666666666667,61570.13333333333
1684299493.5900352,1450.6666666666667,4353.066666666667,61560.53333333333
1684299493.640099,1501.8666666666666,4309.333333333333,61517.86666666667
1684299493.6901124,1500.8,4297.6,61518.933333333334
1684299493.7400167,1389.8666666666666,4213.333333333333,61579.73333333333
1684299493.790023,1387.7333333333333,4196.266666666666,61576.53333333333
1684299493.8399992,1383.4666666666667,4195.2,61530.666666666664
1684299493.8901005,1326.9333333333334,4120.533333333334,61537.066666666666
1684299493.9407673,1382.4,4134.4,61569.066666666666
1684299493.9909735,1329.0666666666666,4084.266666666667,61861.333333333336
1684299494.0382266,1329.0666666666666,4110.933333333333,61844.26666666667
1684299494.088121,1326.9333333333334,4110.933333333333,61837.86666666667
1684299494.1379974,1326.9333333333334,4088.5333333333333,61959.46666666667
1684299494.187972,1325.8666666666666,4183.466666666666,61837.86666666667
1684299494.2379577,1323.7333333333333,4176.0,61779.2
1684299494.288043,1323.7333333333333,4189.866666666667,61868.8
1684299494.3379908,1323.7333333333333,4177.066666666667,61838.933333333334
1684299494.3881426,1321.6,4243.2,61634.13333333333
1684299494.4379745,1321.6,4217.6,61603.2
1684299494.4880385,1321.6,4218.666666666667,61626.666666666664
1684299494.538127,1321.6,4237.866666666667,61632.0
1684299494.5879955,1322.6666666666667,4232.533333333334,61686.4
1684299494.6379936,1322.6666666666667,4227.2,61721.6
1684299494.688055,1323.7333333333333,4148.266666666666,61640.53333333333
1684299494.7400618,1379.2,4151.466666666666,61552.0
1684299494.7900283,1434.6666666666667,4115.2,61379.2
1684299494.8400364,1490.1333333333334,4130.133333333333,61360.0
1684299494.8901193,1492.2666666666667,4129.066666666667,61392.0
1684299494.9400668,1491.2,4141.866666666667,61412.26666666667
1684299494.9901857,1491.2,4139.733333333334,61389.86666666667
1684299495.0407503,1491.2,4206.933333333333,61440.0
1684299495.0896006,1490.1333333333334,4176.0,61493.333333333336
1684299495.1396189,1490.1333333333334,4176.0,61481.6
1684299495.1896899,1491.2,4189.866666666667,61387.73333333333
1684299495.239689,1488.0,4185.6,61265.066666666666
1684299495.290159,1488.0,4218.666666666667,61265.066666666666
1684299495.3400295,1483.7333333333333,4200.533333333334,61226.666666666664
1684299495.390029,1430.4,4128.0,61456.0
1684299495.4400315,1430.4,4077.866666666667,61489.066666666666
1684299495.490096,1431.4666666666667,4070.4,61482.666666666664
1684299495.540269,1377.0666666666666,4068.266666666667,61489.066666666666
1684299495.5900667,1380.2666666666667,4008.5333333333333,61454.933333333334
1684299495.6400654,1380.2666666666667,3969.0666666666666,61451.73333333333
1684299495.6901226,1380.2666666666667,3888.0,61467.73333333333
1684299495.7400434,1379.2,3902.9333333333334,61521.066666666666
1684299495.7900374,1322.6666666666667,3829.3333333333335,61644.8
1684299495.8400187,1267.2,3805.866666666667,61874.13333333333
1684299495.8903658,1321.6,3857.0666666666666,61688.53333333333
1684299495.9400156,1321.6,3902.9333333333334,61691.73333333333
1684299495.9900296,1322.6666666666667,3932.8,61710.933333333334
1684299496.039996,1320.5333333333333,3926.4,61644.8
1684299496.0901363,1315.2,4001.0666666666666,61660.8
1684299496.1400318,1315.2,3987.2,61670.4
1684299496.19022,1315.2,4060.8,61492.26666666667
1684299496.2400172,1315.2,3956.266666666667,61442.13333333333
1684299496.2904003,1369.6,3943.4666666666667,61476.26666666667
1684299496.340041,1373.8666666666666,3943.4666666666667,61496.53333333333
1684299496.390026,1320.5333333333333,3982.9333333333334,61621.333333333336
1684299496.4399986,1430.4,4105.6,61575.46666666667
1684299496.490119,1430.4,4092.8,61372.8
1684299496.5402262,1431.4666666666667,4038.4,61594.666666666664
1684299496.5900424,1486.9333333333334,3989.3333333333335,61495.46666666667
1684299496.640052,1440.0,4002.133333333333,61565.86666666667
1684299496.6902726,1442.1333333333334,4000.0,61570.13333333333
1684299496.7400775,1443.2,4014.9333333333334,61585.066666666666
1684299496.7900007,1390.9333333333334,3985.0666666666666,61651.2
1684299496.8400133,1390.9333333333334,4065.0666666666666,61670.4
1684299496.8903751,1392.0,4078.9333333333334,61446.4
1684299496.9401245,1337.6,4066.133333333333,61476.26666666667
1684299496.9900277,1333.3333333333333,4107.733333333334,61337.6
1684299497.0403566,1333.3333333333333,4088.5333333333333,61336.53333333333
1684299497.0901642,1332.2666666666667,4088.5333333333333,61322.666666666664
1684299497.1401663,1332.2666666666667,4028.8,61402.666666666664
1684299497.1900315,1331.2,3959.4666666666667,61532.8
1684299497.2400212,1331.2,3958.4,61591.46666666667
1684299497.2900107,1331.2,3964.8,61586.13333333333
1684299497.3401651,1331.2,3964.8,61573.333333333336
1684299497.390011,1337.6,3905.0666666666666,61804.8
1684299497.4400365,1337.6,3924.266666666667,61776.0
1684299497.489999,1337.6,3923.2,61785.6
1684299497.5403016,1338.6666666666667,3905.0666666666666,61787.73333333333
1684299497.5900395,1337.6,3896.5333333333333,61733.333333333336
1684299497.6400712,1337.6,3975.4666666666667,61710.933333333334
1684299497.6900878,1388.8,4003.2,61757.86666666667
1684299497.7401905,1333.3333333333333,4080.0,61837.86666666667
1684299497.7900255,1277.8666666666666,4043.733333333333,62037.333333333336
1684299497.840023,1222.4,4090.6666666666665,62067.2
1684299497.8899975,1220.2666666666667,4130.133333333333,62013.86666666667
1684299497.9402199,1220.2666666666667,4129.066666666667,61890.13333333333
1684299497.9900274,1220.2666666666667,4129.066666666667,61918.933333333334
1684299498.0400548,1220.2666666666667,4032.0,61933.86666666667
1684299498.0900226,1222.4,4036.266666666667,61933.86666666667
1684299498.14017,1277.8666666666666,4098.133333333333,61782.4
1684299498.1900303,1276.8,4144.0,61854.933333333334
1684299498.2400098,1276.8,4135.466666666666,61979.73333333333
1684299498.2900264,1332.2666666666667,4215.466666666666,61856.0
1684299498.3401446,1332.2666666666667,4256.0,61913.6
1684299498.3903084,1332.2666666666667,4253.866666666667,61896.53333333333
1684299498.440261,1332.2666666666667,4298.666666666667,61863.46666666667
1684299498.490369,1332.2666666666667,4292.266666666666,61910.4
1684299498.5402956,1338.6666666666667,4371.2,61953.066666666666
1684299498.5900934,1336.5333333333333,4372.266666666666,61995.73333333333
1684299498.6400416,1338.6666666666667,4358.4,62043.73333333333
1684299498.6900253,1338.6666666666667,4292.266666666666,61986.13333333333
1684299498.740323,1284.2666666666667,4225.066666666667,62100.26666666667
1684299498.7900586,1292.8,4225.066666666667,62164.26666666667
1684299498.8399951,1294.9333333333334,4167.466666666666,62152.53333333333
1684299498.8900938,1236.2666666666667,4108.8,62284.8
1684299498.940141,1237.3333333333333,4081.0666666666666,62318.933333333334
1684299498.9900305,1234.1333333333334,4094.9333333333334,62314.666666666664
1684299499.0400147,1234.1333333333334,4094.9333333333334,62359.46666666667
1684299499.0901084,1287.4666666666667,4076.8,62151.46666666667
1684299499.1401186,1287.4666666666667,4075.733333333333,62144.0
1684299499.190048,1288.5333333333333,4048.0,62334.933333333334
1684299499.2400084,1288.5333333333333,4075.733333333333,62385.066666666666
1684299499.2900214,1234.1333333333334,4068.266666666667,62329.6
1684299499.3401666,1235.2,4093.866666666667,62323.2
1684299499.390273,1235.2,4034.133333333333,62110.933333333334
1684299499.4400709,1125.3333333333333,3952.0,62151.46666666667
1684299499.4899995,1127.4666666666667,3893.3333333333335,62337.066666666666
1684299499.5403433,1179.7333333333333,3938.133333333333,62089.6
1684299499.5900414,1125.3333333333333,3883.733333333333,62195.2
1684299499.6400652,1172.2666666666667,3884.8,62179.2
1684299499.6899977,1170.1333333333334,3885.866666666667,62178.13333333333
1684299499.7401881,1169.0666666666666,3852.8,62173.86666666667
1684299499.790033,1220.2666666666667,3918.9333333333334,61971.2
1684299499.840022,1220.2666666666667,3886.9333333333334,61936.0
1684299499.8900003,1219.2,3900.8,62153.6
1684299499.9401603,1273.6,4021.3333333333335,61966.933333333334
1684299499.990041,1221.3333333333333,4052.266666666667,62042.666666666664
1684299500.0400007,1222.4,4057.6,62097.066666666666
1684299500.090012,1223.4666666666667,4171.733333333334,62129.066666666666
1684299500.1402988,1173.3333333333333,4186.666666666667,62172.8
1684299500.190087,1229.8666666666666,4178.133333333333,62157.86666666667
1684299500.2400024,1229.8666666666666,4193.066666666667,62094.933333333334
1684299500.2899892,1285.3333333333333,4240.0,61914.666666666664
1684299500.3401418,1287.4666666666667,4240.0,61975.46666666667
1684299500.3900204,1284.2666666666667,4212.266666666666,61945.6
1684299500.4399993,1285.3333333333333,4205.866666666667,61955.2
1684299500.4903104,1287.4666666666667,4204.8,61977.6
1684299500.5403278,1286.4,4204.8,61921.066666666666
1684299500.5901074,1286.4,4203.733333333334,61969.066666666666
1684299500.6400504,1286.4,4253.866666666667,61991.46666666667
1684299500.6900568,1233.0666666666666,4260.266666666666,61989.333333333336
1684299500.7401729,1234.1333333333334,4220.8,62003.2
1684299500.7900221,1234.1333333333334,4228.266666666666,62012.8
1684299500.8400016,1235.2,4166.4,62018.13333333333
1684299500.8899913,1238.4,4180.266666666666,62006.4
1684299500.9401321,1238.4,4129.066666666667,62145.066666666666
1684299500.9900134,1238.4,4182.4,62100.26666666667
1684299501.0403047,1238.4,4205.866666666667,62082.13333333333
1684299501.0900588,1236.2666666666667,4200.533333333334,62042.666666666664
1684299501.1401677,1180.8,4138.666666666667,62215.46666666667
1684299501.1900637,1235.2,4073.6,62082.13333333333
1684299501.240038,1235.2,4080.0,62092.8
1684299501.2900088,1178.6666666666667,3965.866666666667,62205.86666666667
1684299501.3401675,1232.0,3960.5333333333333,61991.46666666667
1684299501.3899987,1233.0666666666666,3955.2,61970.13333333333
1684299501.4400432,1233.0666666666666,3955.2,61981.86666666667
1684299501.4899902,1233.0666666666666,3955.2,61942.4
1684299501.5403485,1384.5333333333333,3957.3333333333335,61875.2
1684299501.5900338,1385.6,3971.2,61867.73333333333
1684299501.6400533,1383.4666666666667,3970.133333333333,61815.46666666667
1684299501.6900063,1384.5333333333333,3984.0,61822.933333333334
1684299501.7401712,1386.6666666666667,4029.866666666667,61799.46666666667
1684299501.7900264,1379.2,4109.866666666667,61731.2
1684299501.8400123,1377.0666666666666,4140.8,61751.46666666667
1684299501.8900104,1431.4666666666667,4269.866666666667,61811.2
1684299501.940104,1485.8666666666666,4234.666666666667,61597.86666666667
1684299501.990022,1540.2666666666667,4219.733333333334,61582.933333333334
1684299502.0403013,1544.5333333333333,4219.733333333334,61604.26666666667
1684299502.0901055,1544.5333333333333,4146.133333333333,61777.066666666666
1684299502.140145,1546.6666666666667,4147.2,61818.666666666664
1684299502.1900566,1548.8,4109.866666666667,61790.933333333334
1684299502.2400095,1549.8666666666666,4108.8,61736.53333333333
1684299502.2900295,1554.1333333333334,4110.933333333333,61758.933333333334
1684299502.340133,1557.3333333333333,4045.866666666667,61802.666666666664
1684299502.3900523,1558.4,4044.8,61988.26666666667
1684299502.4400215,1611.7333333333333,4112.0,61768.53333333333
1684299502.4899952,1609.6,4146.133333333333,61796.26666666667
1684299502.5402708,1556.2666666666667,4086.4,61990.4
1684299502.5900397,1609.6,4195.2,62013.86666666667
1684299502.6400368,1558.4,4179.2,62055.46666666667
1684299502.6900074,1558.4,4237.866666666667,62081.066666666666
1684299502.7401333,1613.8666666666666,4277.333333333333,61880.53333333333
1684299502.7900128,1560.5333333333333,4203.733333333334,62104.53333333333
1684299502.840014,1561.6,4155.733333333334,62114.13333333333
1684299502.8900073,1561.6,4149.333333333333,62073.6
1684299502.9401498,1507.2,4028.8,62217.6
1684299502.9900203,1510.4,3929.6,62248.53333333333
1684299503.0400527,1509.3333333333333,3930.6666666666665,62198.4
1684299503.0899868,1509.3333333333333,3817.6,62137.6
1684299503.1401641,1510.4,3835.733333333333,62139.73333333333
1684299503.190024,1454.9333333333334,3831.4666666666667,62129.066666666666
1684299503.2399967,1456.0,3870.9333333333334,62174.933333333334
1684299503.2899983,1400.5333333333333,3810.133333333333,62341.333333333336
1684299503.3401618,1398.4,3882.6666666666665,62295.46666666667
1684299503.390259,1395.2,3970.133333333333,62200.53333333333
1684299503.4400802,1394.1333333333334,4055.4666666666667,62234.666666666664
1684299503.4900057,1392.0,4130.133333333333,62184.53333333333
1684299503.5403054,1447.4666666666667,4116.266666666666,62158.933333333334
1684299503.5900433,1447.4666666666667,4137.6,62165.333333333336
1684299503.6400611,1447.4666666666667,3994.6666666666665,62165.333333333336
1684299503.6900537,1449.6,4040.5333333333333,62177.066666666666
1684299503.7401333,1505.0666666666666,4003.2,62070.4
1684299503.7900438,1505.0666666666666,4010.6666666666665,62059.73333333333
1684299503.8399932,1557.3333333333333,4131.2,61939.2
1684299503.8899891,1610.6666666666667,4177.066666666667,61851.73333333333
1684299503.9401374,1612.8,4196.266666666666,61845.333333333336
1684299503.9900498,1612.8,4196.266666666666,61811.2
1684299504.0399845,1668.2666666666667,4227.2,61618.13333333333
1684299504.090105,1677.8666666666666,4226.133333333333,61657.6
1684299504.1401305,1680.0,4346.666666666667,61708.8
1684299504.1900532,1629.8666666666666,4377.6,61918.933333333334
1684299504.240169,1630.9333333333334,4451.2,61908.26666666667
1684299504.2900217,1633.0666666666666,4459.733333333334,61902.933333333334
1684299504.3401449,1579.7333333333333,4443.733333333334,62128.0
1684299504.390252,1579.7333333333333,4462.933333333333,62161.066666666666
1684299504.4400694,1579.7333333333333,4418.133333333333,62145.066666666666
1684299504.4900043,1579.7333333333333,4418.133333333333,62184.53333333333
1684299504.54031,1424.0,4337.066666666667,62234.666666666664
1684299504.5900383,1422.9333333333334,4342.4,62229.333333333336
1684299504.6400247,1424.0,4343.466666666666,62288.0
1684299504.690006,1422.9333333333334,4357.333333333333,62318.933333333334
1684299504.740163,1420.8,4304.0,62358.4
1684299504.7900252,1421.8666666666666,4277.333333333333,62422.4
1684299504.8399968,1422.9333333333334,4284.8,62375.46666666667
1684299504.890247,1369.6,4162.133333333333,62350.933333333334
1684299504.940347,1315.2,4179.2,62499.2
1684299504.9901018,1261.8666666666666,4173.866666666667,62476.8
1684299505.040024,1257.6,4206.933333333333,62451.2
1684299505.090018,1293.8666666666666,4218.666666666667,62385.066666666666
1684299505.1402988,1291.7333333333333,4270.933333333333,62397.86666666667
1684299505.1903038,1288.5333333333333,4295.466666666666,62411.73333333333
1684299505.2400117,1341.8666666666666,4353.066666666667,62313.6
1684299505.2900627,1337.6,4350.933333333333,62305.066666666666
1684299505.3401449,1333.3333333333333,4343.466666666666,62259.2
1684299505.3900638,1333.3333333333333,4343.466666666666,62218.666666666664
1684299505.4399924,1281.0666666666666,4282.666666666667,62410.666666666664
1684299505.4900017,1283.2,4286.933333333333,62390.4
1684299505.5402596,1337.6,4289.066666666667,62362.666666666664
1684299505.5900657,1283.2,4269.866666666667,62409.6
1684299505.6400146,1284.2666666666667,4269.866666666667,62412.8
1684299505.6900232,1284.2666666666667,4324.266666666666,62430.933333333334
1684299505.7401283,1285.3333333333333,4272.0,62594.13333333333
1684299505.790026,1337.6,4273.066666666667,62508.8
1684299505.8400152,1393.0666666666666,4326.4,62327.46666666667
1684299505.8899906,1449.6,4323.2,62190.933333333334
1684299505.9401054,1502.9333333333334,4327.466666666666,62192.0
1684299505.9900324,1500.8,4334.933333333333,62166.4
1684299506.0400238,1505.0666666666666,4334.933333333333,62226.13333333333
1684299506.0899787,1506.1333333333334,4327.466666666666,62246.4
1684299506.1401408,1502.9333333333334,4322.133333333333,62236.8
1684299506.1900272,1502.9333333333334,4321.066666666667,62288.0
1684299506.2400258,1501.8666666666666,4315.733333333334,62286.933333333334
1684299506.2899811,1502.9333333333334,4336.0,62321.066666666666
1684299506.340127,1502.9333333333334,4297.6,62374.4
1684299506.390021,1504.0,4245.333333333333,62485.333333333336
1684299506.4400113,1505.0666666666666,4145.066666666667,62457.6
1684299506.4899902,1559.4666666666667,4178.133333333333,62307.2
1684299506.540402,1504.0,4177.066666666667,62326.4
1684299506.590039,1505.0666666666666,4235.733333333334,62339.2
1684299506.6399903,1505.0666666666666,4325.333333333333,62309.333333333336
1684299506.6900434,1504.0,4266.666666666667,62343.46666666667
1684299506.7401383,1447.4666666666667,4290.133333333333,62477.86666666667
1684299506.790023,1448.5333333333333,4283.733333333334,62455.46666666667
1684299506.8399897,1395.2,4163.2,62535.46666666667
1684299506.8899903,1339.7333333333333,4043.733333333333,62662.4
1684299506.9401476,1337.6,4091.733333333333,62606.933333333334
1684299506.9903018,1337.6,4117.333333333333,62657.066666666666
1684299507.0402937,1282.1333333333334,4160.0,62774.4
1684299507.0900292,1273.6,4160.0,62707.2
1684299507.1401315,1276.8,4066.133333333333,62658.13333333333
1684299507.1900647,1316.2666666666667,4067.2,62620.8
1684299507.2399933,1316.2666666666667,4034.133333333333,62632.53333333333
1684299507.2900057,1317.3333333333333,4046.9333333333334,62624.0
1684299507.340103,1372.8,4048.0,62400.0
1684299507.390104,1371.7333333333333,4176.0,62398.933333333334
1684299507.4400039,1372.8,4198.4,62483.2
1684299507.490003,1372.8,4251.733333333334,62493.86666666667
1684299507.540582,1371.7333333333333,4251.733333333334,62391.46666666667
1684299507.5901215,1428.2666666666667,4235.733333333334,62395.73333333333
1684299507.6400023,1482.6666666666667,4290.133333333333,62177.066666666666
1684299507.6900215,1536.0,4279.466666666666,62100.26666666667
1684299507.74013,1537.0666666666666,4279.466666666666,62108.8
1684299507.7900543,1536.0,4212.266666666666,62080.0
1684299507.8400083,1537.0666666666666,4213.333333333333,62110.933333333334
1684299507.8899822,1591.4666666666667,4266.666666666667,61856.0
1684299507.9401834,1595.7333333333333,4280.533333333334,61881.6
1684299507.9900336,1595.7333333333333,4278.4,61905.066666666666
1684299508.0400276,1649.0666666666666,4352.0,61920.0
1684299508.0899978,1560.5333333333333,4372.266666666666,62010.666666666664
1684299508.1401427,1560.5333333333333,4318.933333333333,61985.066666666666
1684299508.190022,1560.5333333333333,4293.333333333333,61991.46666666667
1684299508.2400076,1506.1333333333334,4221.866666666667,62144.0
1684299508.2899756,1508.2666666666667,4301.866666666667,62176.0
1684299508.3401034,1508.2666666666667,4547.2,62221.86666666667
1684299508.3902812,1507.2,4576.0,62229.333333333336
1684299508.4400778,1509.3333333333333,4530.133333333333,62235.73333333333
1684299508.4900043,1507.2,4512.0,62233.6
1684299508.540299,1453.8666666666666,4510.933333333333,62282.666666666664
1684299508.5901556,1457.0666666666666,4418.133333333333,62273.066666666666
1684299508.64,1457.0666666666666,4418.133333333333,62206.933333333334
1684299508.690038,1457.0666666666666,4311.466666666666,62203.73333333333
1684299508.7401195,1454.9333333333334,4325.333333333333,62020.26666666667
1684299508.7900283,1403.7333333333333,4324.266666666666,62062.933333333334
1684299508.8399928,1349.3333333333333,4291.2,62229.333333333336
1684299508.8899992,1293.8666666666666,4286.933333333333,62371.2
1684299508.9400933,1240.5333333333333,4341.333333333333,62362.666666666664
1684299508.9900186,1242.6666666666667,4374.4,62402.13333333333
1684299509.0399954,1238.4,4368.0,62343.46666666667
1684299509.0900931,1237.3333333333333,4376.533333333334,62311.46666666667
1684299509.140124,1237.3333333333333,4416.0,62328.53333333333
1684299509.1900518,1237.3333333333333,4477.866666666667,62327.46666666667
1684299509.2399976,1238.4,4416.0,62345.6
1684299509.290046,1290.6666666666667,4453.333333333333,62154.666666666664
1684299509.3400853,1291.7333333333333,4400.0,61940.26666666667
1684299509.3903031,1294.9333333333334,4400.0,61949.86666666667
1684299509.4400249,1350.4,4522.666666666667,61841.066666666666
1684299509.4899876,1352.5333333333333,4489.6,61837.86666666667
1684299509.5401835,1353.6,4489.6,61818.666666666664
1684299509.5902097,1406.9333333333334,4524.8,61614.933333333334
1684299509.6400015,1461.3333333333333,4478.933333333333,61452.8
1684299509.6900969,1461.3333333333333,4476.8,61441.066666666666
1684299509.7401352,1463.4666666666667,4509.866666666667,61442.13333333333
1684299509.7900476,1462.4,4503.466666666666,61484.8
1684299509.8399887,1516.8,4643.2,61302.4
1684299509.8900013,1518.9333333333334,4665.6,61312.0
1684299509.9401338,1520.0,4598.4,61372.8
1684299509.9900544,1573.3333333333333,4606.933333333333,61333.333333333336
1684299510.0399914,1574.4,4549.333333333333,61429.333333333336
1684299510.0900774,1574.4,4548.266666666666,61496.53333333333
1684299510.1402876,1573.3333333333333,4506.666666666667,61526.4
1684299510.190113,1529.6,4505.6,61508.26666666667
1684299510.239996,1528.5333333333333,4485.333333333333,61536.0
1684299510.2899961,1526.4,4491.733333333334,61536.0
1684299510.3401072,1470.9333333333334,4490.666666666667,61712.0
1684299510.3900151,1475.2,4402.133333333333,61682.13333333333
1684299510.4400148,1474.1333333333334,4417.066666666667,61623.46666666667
1684299510.4899766,1474.1333333333334,4437.333333333333,61577.6
1684299510.5401096,1527.4666666666667,4444.8,61654.4
1684299510.5902126,1469.8666666666666,4440.533333333334,61617.066666666666
1684299510.6400504,1415.4666666666667,4452.266666666666,61798.4
1684299510.6900303,1417.6,4442.666666666667,61847.46666666667
1684299510.7401383,1417.6,4464.0,61837.86666666667
1684299510.7900124,1416.5333333333333,4464.0,61865.6
1684299510.8399856,1414.4,4456.533333333334,61832.53333333333
1684299510.889982,1360.0,4402.133333333333,62101.333333333336
1684299510.9401157,1354.6666666666667,4402.133333333333,62073.6
1684299510.9900217,1353.6,4403.2,62042.666666666664
1684299511.0400102,1301.3333333333333,4296.533333333334,62020.26666666667
1684299511.089984,1353.6,4297.6,61939.2
1684299511.1401188,1354.6666666666667,4350.933333333333,61980.8
1684299511.190062,1354.6666666666667,4409.6,61973.333333333336
1684299511.2399852,1408.0,4471.466666666666,61863.46666666667
1684299511.2900078,1405.8666666666666,4485.333333333333,61821.86666666667
1684299511.340089,1405.8666666666666,4249.6,61634.13333333333
1684299511.3900406,1461.3333333333333,4333.866666666667,61472.0
1684299511.4402344,1459.2,4341.333333333333,61507.2
1684299511.4903553,1459.2,4340.266666666666,61531.73333333333
1684299511.5402293,1511.4666666666667,4402.133333333333,61451.73333333333
1684299511.5902367,1509.3333333333333,4428.8,61443.2
1684299511.6399941,1511.4666666666667,4437.333333333333,61488.0
1684299511.6900547,1513.6,4417.066666666667,61480.53333333333
1684299511.740309,1459.2,4403.2,61636.26666666667
1684299511.7900672,1467.7333333333333,4404.266666666666,61678.933333333334
1684299511.839994,1466.6666666666667,4371.2,61733.333333333336
1684299511.8900094,1465.6,4372.266666666666,61794.13333333333
1684299511.9401174,1518.9333333333334,4353.066666666667,61814.4
1684299511.9900556,1515.7333333333333,4353.066666666667,61783.46666666667
1684299512.0403078,1515.7333333333333,4352.0,61799.46666666667
1684299512.0901043,1515.7333333333333,4363.733333333334,61822.933333333334
1684299512.1401236,1514.6666666666667,4310.4,61803.73333333333
1684299512.1900308,1514.6666666666667,4282.666666666667,61779.2
1684299512.240032,1513.6,4310.4,61779.2
1684299512.290005,1460.2666666666667,4252.8,61948.8
1684299512.3401215,1459.2,4280.533333333334,62112.0
1684299512.3900192,1454.9333333333334,4266.666666666667,62072.53333333333
1684299512.4400208,1398.4,4197.333333333333,62180.26666666667
1684299512.4900029,1394.1333333333334,4126.933333333333,62253.86666666667
1684299512.5401542,1394.1333333333334,4128.0,62254.933333333334
1684299512.5902178,1339.7333333333333,3994.6666666666665,62458.666666666664
1684299512.6400378,1338.6666666666667,4039.4666666666667,62423.46666666667
1684299512.6900525,1337.6,4040.5333333333333,62402.13333333333
1684299512.7401493,1335.4666666666667,3981.866666666667,62426.666666666664
1684299512.7900143,1335.4666666666667,3979.733333333333,62377.6
1684299512.840008,1281.0666666666666,3847.4666666666667,62554.666666666664
1684299512.8899882,1278.9333333333334,3859.2,62568.53333333333
1684299512.9401565,1387.7333333333333,3978.6666666666665,62348.8
1684299512.9900212,1334.4,3917.866666666667,62421.333333333336
1684299513.0400097,1333.3333333333333,3963.733333333333,62405.333333333336
1684299513.0900059,1332.2666666666667,4044.8,62346.666666666664
1684299513.1400928,1383.4666666666667,4069.3333333333335,62158.933333333334
1684299513.1900413,1442.1333333333334,4107.733333333334,61941.333333333336
1684299513.2399788,1497.6,4141.866666666667,61740.8
1684299513.2900302,1501.8666666666666,4121.6,61726.933333333334
1684299513.3400915,1557.3333333333333,4165.333333333333,61720.53333333333
1684299513.3902636,1553.0666666666666,4105.6,61756.8
1684299513.4400513,1555.2,4091.733333333333,61815.46666666667
1684299513.4900777,1556.2666666666667,3994.6666666666665,61836.8
1684299513.5401561,1501.8666666666666,3994.6666666666665,61822.933333333334
1684299513.5902805,1501.8666666666666,3994.6666666666665,61848.53333333333
1684299513.640013,1505.0666666666666,3908.266666666667,61861.333333333336
1684299513.690066,1449.6,3921.0666666666666,61921.066666666666
1684299513.740101,1448.5333333333333,3933.866666666667,61940.26666666667
1684299513.7900486,1448.5333333333333,3968.0,61929.6
1684299513.8399909,1448.5333333333333,3959.4666666666667,61957.333333333336
1684299513.8899763,1501.8666666666666,4073.6,61812.26666666667
1684299513.9401188,1501.8666666666666,4058.6666666666665,61818.666666666664
1684299513.9900115,1501.8666666666666,4137.6,61865.6
1684299514.0399957,1500.8,4206.933333333333,61898.666666666664
1684299514.0900593,1447.4666666666667,4192.0,61968.0
1684299514.1401093,1445.3333333333333,4210.133333333333,61955.2
1684299514.1900072,1445.3333333333333,4145.066666666667,61905.066666666666
1684299514.2400148,1392.0,4110.933333333333,61979.73333333333
1684299514.2899723,1393.0666666666666,3994.6666666666665,62003.2
1684299514.3401215,1393.0666666666666,4055.4666666666667,62188.8
1684299514.3902438,1337.6,3942.4,62334.933333333334
1684299514.4400463,1336.5333333333333,3955.2,62341.333333333336
1684299514.4899848,1336.5333333333333,3955.2,62296.53333333333
1684299514.5401454,1283.2,3940.266666666667,62403.2
1684299514.5902138,1284.2666666666667,4012.8,62411.73333333333
1684299514.6400461,1281.0666666666666,4057.6,62375.46666666667
1684299514.6900249,1278.9333333333334,4091.733333333333,62377.6
1684299514.7401288,1332.2666666666667,4142.933333333333,62225.066666666666
1684299514.7900105,1322.6666666666667,4227.2,62169.6
1684299514.840008,1321.6,4246.4,62149.333333333336
1684299514.8899767,1321.6,4298.666666666667,62096.0
1684299514.9401371,1323.7333333333333,4297.6,61916.8
1684299514.9900246,1328.0,4343.466666666666,61899.73333333333
1684299515.0399919,1470.9333333333334,4396.8,61802.666666666664
1684299515.0899947,1470.9333333333334,4396.8,61773.86666666667
1684299515.1402688,1472.0,4396.8,61793.066666666666
1684299515.1900768,1526.4,4385.066666666667,61785.6
1684299515.240001,1579.7333333333333,4392.533333333334,61744.0
1684299515.2900085,1633.0666666666666,4452.266666666666,61565.86666666667
1684299515.3401153,1634.1333333333334,4457.6,61593.6
1684299515.3900583,1636.2666666666667,4457.6,61643.73333333333
1684299515.4399836,1637.3333333333333,4484.266666666666,61688.53333333333
1684299515.4900067,1586.1333333333334,4488.533333333334,61813.333333333336
1684299515.5401084,1585.0666666666666,4486.4,61863.46666666667
1684299515.5902379,1585.0666666666666,4506.666666666667,61697.066666666666
1684299515.6399908,1531.7333333333333,4438.4,61924.26666666667
1684299515.6900442,1538.1333333333334,4444.8,61965.86666666667
1684299515.74014,1538.1333333333334,4485.333333333333,61941.333333333336
1684299515.7900414,1538.1333333333334,4485.333333333333,61962.666666666664
1684299515.8399937,1589.3333333333333,4459.733333333334,61811.2
1684299515.8899744,1588.2666666666667,4459.733333333334,61797.333333333336
1684299515.9400945,1477.3333333333333,4338.133333333333,62013.86666666667
1684299515.9900122,1530.6666666666667,4385.066666666667,61819.73333333333
1684299516.0400164,1530.6666666666667,4330.666666666667,61783.46666666667
1684299516.0899885,1531.7333333333333,4323.2,61840.0
1684299516.1400995,1529.6,4387.2,61833.6
1684299516.190024,1470.9333333333334,4336.0,62068.26666666667
1684299516.2399848,1416.5333333333333,4340.266666666666,62243.2
1684299516.2899742,1412.2666666666667,4340.266666666666,62248.53333333333
1684299516.340107,1356.8,4342.4,62268.8
1684299516.3900235,1361.0666666666666,4356.266666666666,62231.46666666667
1684299516.440016,1358.9333333333334,4357.333333333333,62190.933333333334
1684299516.4899795,1357.8666666666666,4368.0,62163.2
1684299516.5400853,1361.0666666666666,4368.0,62187.73333333333
1684299516.5902078,1361.0666666666666,4422.4,62057.6
1684299516.64002,1356.8,4423.466666666666,62042.666666666664
1684299516.690036,1410.1333333333334,4427.733333333334,61842.13333333333
1684299516.740215,1465.6,4429.866666666667,61742.933333333334
1684299516.7900207,1465.6,4426.666666666667,61758.933333333334
1684299516.8399827,1465.6,4427.733333333334,61765.333333333336
1684299516.8900054,1412.2666666666667,4407.466666666666,61952.0
1684299516.940399,1413.3333333333333,4407.466666666666,61968.0
1684299516.99006,1469.8666666666666,4422.4,61821.86666666667
1684299517.0402992,1469.8666666666666,4360.533333333334,61805.86666666667
1684299517.0900643,1470.9333333333334,4360.533333333334,61809.066666666666
1684299517.1402578,1528.5333333333333,4428.8,61630.933333333334
1684299517.190044,1531.7333333333333,4429.866666666667,61667.2
1684299517.2400048,1585.0666666666666,4448.0,61481.6
1684299517.2900255,1584.0,4464.0,61453.86666666667
1684299517.3404155,1587.2,4387.2,61410.13333333333
1684299517.3900595,1641.6,4446.933333333333,61281.066666666666
1684299517.4400094,1642.6666666666667,4435.2,61260.8
1684299517.490005,1642.6666666666667,4436.266666666666,61291.73333333333
1684299517.5401256,1642.6666666666667,4409.6,61123.2
1684299517.5902603,1640.5333333333333,4350.933333333333,61082.666666666664
1684299517.6400144,1640.5333333333333,4325.333333333333,61107.2
1684299517.6900241,1644.8,4325.333333333333,61092.26666666667
1684299517.7404454,1591.4666666666667,4266.666666666667,61299.2
1684299517.7900615,1594.6666666666667,4214.4,61350.4
1684299517.8400204,1595.7333333333333,4221.866666666667,61342.933333333334
1684299517.8902416,1595.7333333333333,4262.4,61346.13333333333
1684299517.9403915,1541.3333333333333,4231.466666666666,61504.0
1684299517.990162,1538.1333333333334,4172.8,61533.86666666667
1684299518.0400453,1394.1333333333334,4178.133333333333,61659.73333333333
1684299518.0899785,1448.5333333333333,4224.0,61678.933333333334
1684299518.1399882,1447.4666666666667,4225.066666666667,61627.73333333333
1684299518.190303,1392.0,4196.266666666666,61605.333333333336
1684299518.2400537,1338.6666666666667,4243.2,61626.666666666664
1684299518.289979,1286.4,4183.466666666666,61826.13333333333
1684299518.3400052,1285.3333333333333,4184.533333333334,61799.46666666667
1684299518.390298,1336.5333333333333,4184.533333333334,61753.6
1684299518.4400806,1336.5333333333333,4113.066666666667,61706.666666666664
1684299518.490105,1335.4666666666667,4124.8,61712.0
1684299518.540026,1336.5333333333333,4124.8,61692.8
1684299518.590296,1393.0666666666666,4145.066666666667,61831.46666666667
1684299518.6400456,1446.4,4146.133333333333,61600.0
1684299518.6900127,1440.0,4219.733333333334,61600.0
1684299518.7400577,1440.0,4245.333333333333,61500.8
1684299518.7901182,1550.9333333333334,4246.4,61491.2
1684299518.8399987,1499.7333333333333,4265.6,61643.73333333333
1684299518.88999,1555.2,4305.066666666667,61461.333333333336
1684299518.9399688,1611.7333333333333,4373.333333333333,61278.933333333334
1684299518.990135,1559.4666666666667,4286.933333333333,61468.8
1684299519.0400023,1560.5333333333333,4286.933333333333,61488.0
1684299519.0900714,1564.8,4195.2,61490.13333333333
1684299519.1400015,1512.5333333333333,4140.8,61697.066666666666
1684299519.1901267,1513.6,4139.733333333334,61748.26666666667
1684299519.2399921,1513.6,4120.533333333334,61797.333333333336
1684299519.290031,1513.6,4120.533333333334,61765.333333333336
1684299519.3399808,1566.9333333333334,4187.733333333334,61602.13333333333
1684299519.390264,1562.6666666666667,4264.533333333334,61634.13333333333
1684299519.44001,1562.6666666666667,4263.466666666666,61645.86666666667
1684299519.4900126,1562.6666666666667,4283.733333333334,61622.4
1684299519.5400026,1559.4666666666667,4276.266666666666,61654.4
1684299519.5903447,1559.4666666666667,4294.4,61779.2
1684299519.6400065,1559.4666666666667,4313.6,61818.666666666664
1684299519.6900516,1506.1333333333334,4302.933333333333,61995.73333333333
1684299519.7399704,1450.6666666666667,4246.4,62041.6
1684299519.7901862,1450.6666666666667,4304.0,61879.46666666667
1684299519.8400047,1450.6666666666667,4297.6,61865.6
1684299519.890002,1454.9333333333334,4225.066666666667,61816.53333333333
1684299519.9402692,1453.8666666666666,4306.133333333333,61780.26666666667
1684299519.990317,1397.3333333333333,4265.6,61914.666666666664
1684299520.0400608,1450.6666666666667,4279.466666666666,61802.666666666664
1684299520.0899808,1449.6,4279.466666666666,61773.86666666667
1684299520.1402352,1394.1333333333334,4192.0,61969.066666666666
1684299520.1902347,1392.0,4189.866666666667,61930.666666666664
1684299520.2400355,1338.6666666666667,4225.066666666667,62126.933333333334
1684299520.2899806,1338.6666666666667,4231.466666666666,62176.0
1684299520.3399942,1335.4666666666667,4232.533333333334,62221.86666666667
1684299520.3901367,1281.0666666666666,4213.333333333333,62366.933333333334
1684299520.4400082,1280.0,4212.266666666666,62326.4
1684299520.490017,1280.0,4211.2,62339.2
1684299520.5400033,1280.0,4166.4,62520.53333333333
1684299520.5902588,1284.2666666666667,4166.4,62570.666666666664
1684299520.640033,1284.2666666666667,4138.666666666667,62578.13333333333
1684299520.690022,1280.0,4190.933333333333,62489.6
1684299520.7399993,1406.9333333333334,4311.466666666666,62393.6
1684299520.790132,1408.0,4326.4,62373.333333333336
1684299520.8400106,1408.0,4332.8,62388.26666666667
1684299520.8899918,1464.5333333333333,4365.866666666667,62211.2
1684299520.9399736,1518.9333333333334,4375.466666666666,62050.13333333333
1684299520.9901214,1518.9333333333334,4373.333333333333,62088.53333333333
1684299521.0399933,1521.0666666666666,4380.8,62035.2
1684299521.0900033,1466.6666666666667,4328.533333333334,62093.86666666667
1684299521.139963,1469.8666666666666,4361.6,62115.2
1684299521.190183,1470.9333333333334,4423.466666666666,62138.666666666664
1684299521.2399998,1470.9333333333334,4362.666666666667,62158.933333333334
1684299521.2900143,1523.2,4363.733333333334,62139.73333333333
1684299521.339983,1524.2666666666667,4362.666666666667,62154.666666666664
1684299521.3901584,1470.9333333333334,4362.666666666667,62157.86666666667
1684299521.4400172,1523.2,4416.0,62007.46666666667
1684299521.4900005,1523.2,4410.666666666667,61939.2
1684299521.5399826,1522.1333333333334,4410.666666666667,61989.333333333336
1684299521.5902615,1465.6,4410.666666666667,61965.86666666667
1684299521.6400197,1413.3333333333333,4409.6,62176.0
1684299521.6900089,1414.4,4369.066666666667,62173.86666666667
1684299521.740016,1414.4,4315.733333333334,62281.6
1684299521.7901268,1303.4666666666667,4314.666666666667,62291.2
1684299521.8400111,1303.4666666666667,4321.066666666667,62316.8
1684299521.889983,1248.0,4270.933333333333,62474.666666666664
1684299521.9399981,1192.5333333333333,4276.266666666666,62612.26666666667
1684299521.990116,1194.6666666666667,4290.133333333333,62609.066666666666
1684299522.0403204,1194.6666666666667,4358.4,62416.0
1684299522.0900362,1189.3333333333333,4363.733333333334,62395.73333333333
1684299522.1399956,1242.6666666666667,4413.866666666667,62189.86666666667
1684299522.1901433,1241.6,4414.933333333333,62182.4
1684299522.2400181,1240.5333333333333,4361.6,62163.2
1684299522.2899864,1240.5333333333333,4361.6,62165.333333333336
1684299522.3399985,1187.2,4288.0,62316.8
1684299522.3901315,1188.2666666666667,4218.666666666667,62285.86666666667
1684299522.4400127,1189.3333333333333,4218.666666666667,62306.13333333333
1684299522.489979,1189.3333333333333,4238.933333333333,62357.333333333336
1684299522.5399985,1189.3333333333333,4290.133333333333,62274.13333333333
1684299522.59025,1192.5333333333333,4318.933333333333,62080.0
1684299522.6400516,1192.5333333333333,4379.733333333334,61893.333333333336
1684299522.6900232,1251.2,4377.6,61685.333333333336
1684299522.7399895,1306.6666666666667,4401.066666666667,61520.0
1684299522.790141,1307.7333333333333,4327.466666666666,61682.13333333333
