Time,Right Hand Signal,Head Signal,Strain Gauge Signal
1684387445.9895449,2078.4,8438.4,60689.6
1684387446.039639,2078.4,8443.2,60603.2
1684387446.0895832,2115.2,8345.6,60689.6
1684387446.1395361,2116.8,8406.4,60884.8
1684387446.1895473,2113.6,8388.8,61142.4
1684387446.2395875,2224.0,8497.6,61201.6
1684387446.2895772,2222.4,8502.4,61209.6
1684387446.3395302,2248.0,8691.2,61196.8
1684387446.389764,2046.4,8732.8,61257.6
1684387446.4397826,2046.4,8593.6,61291.2
1684387446.4898665,2044.8,8592.0,61320.0
1684387446.539635,2044.8,8571.2,61369.6
1684387446.589761,2046.4,8619.2,61308.8
1684387446.6396608,2148.8,8364.8,61446.4
1684387446.6895492,2148.8,8382.4,61494.4
1684387446.7403848,2270.4,8291.2,61216.0
1684387446.790257,2222.4,8366.4,61160.0
1684387446.837874,2224.0,8336.0,61092.8
1684387446.8876438,2260.8,8473.6,61073.6
1684387446.9376423,2259.2,8475.2,61134.4
1684387446.9877317,2262.4,8377.6,61038.4
1684387447.0376298,2158.4,8142.4,61192.0
1684387447.0875754,2163.2,7996.8,61113.6
1684387447.1374753,2254.4,8030.4,61198.4
1684387447.1876493,2254.4,8003.2,61100.8
1684387447.2375834,2254.4,8014.4,61084.8
1684387447.2875276,2348.8,7764.8,61104.0
1684387447.3374677,2352.0,7800.0,61139.2
1684387447.3874655,2507.2,7760.0,61113.6
1684387447.4375455,2403.2,7899.2,61355.2
1684387447.4874754,2315.2,7774.4,61600.0
1684387447.537509,2137.6,7776.0,62003.2
1684387447.589774,2080.0,7715.2,62046.4
1684387447.6396775,2081.6,7716.8,62056.0
1684387447.6895607,1886.4,7731.2,62302.4
1684387447.7395418,1883.2,7798.4,62044.8
1684387447.7895577,1878.4,7910.4,62022.4
1684387447.8398678,1876.8,7652.8,62051.2
1684387447.889614,1960.0,7758.4,61806.4
1684387447.9395754,1985.6,7539.2,62080.0
1684387447.9895504,1968.0,7596.8,62105.6
1684387448.039739,1968.0,7577.6,62038.4
1684387448.0900679,1891.2,7694.4,61889.6
1684387448.1407874,1894.4,7694.4,61728.0
1684387448.1877208,1891.2,7891.2,61683.2
1684387448.2375019,1884.8,7800.0,61651.2
1684387448.2875583,1886.4,7860.8,61686.4
1684387448.3374796,1862.4,7889.6,61731.2
1684387448.387463,1862.4,7768.0,61700.8
1684387448.437457,1862.4,7841.6,61769.6
1684387448.4875183,1865.6,7633.6,61684.8
1684387448.5374622,1865.6,7633.6,61772.8
1684387448.587627,1900.8,7592.0,61833.6
1684387448.6374774,1796.8,7763.2,61872.0
1684387448.6875226,1798.4,7819.2,61856.0
1684387448.7374613,1792.0,7878.4,61931.2
1684387448.7874649,1792.0,7897.6,61980.8
1684387448.8374746,1792.0,8113.6,62054.4
1684387448.8896096,1811.2,8016.0,62036.8
1684387448.9397633,1812.8,7976.0,62004.8
1684387448.9896057,1897.6,8289.6,61771.2
1684387449.0395918,1889.6,8289.6,61745.6
1684387449.089653,1884.8,8380.8,61963.2
1684387449.1395366,1796.8,8224.0,61964.8
1684387449.1903646,1798.4,8339.2,62062.4
1684387449.239821,1795.2,8318.4,62145.6
1684387449.2887564,1755.2,8408.0,62134.4
1684387449.338594,1753.6,8372.8,62099.2
1684387449.388692,1734.4,8432.0,62184.0
1684387449.4395597,1731.2,8372.8,62187.2
1684387449.4897795,1729.6,8382.4,62166.4
1684387449.5395508,1820.8,8558.4,62158.4
1684387449.5897973,1763.2,8521.6,62136.0
1684387449.6395667,1763.2,8726.4,62153.6
1684387449.6896555,1763.2,8654.4,61950.4
1684387449.7395403,1763.2,8545.6,62222.4
1684387449.7895572,1764.8,8416.0,62224.0
1684387449.8395157,1764.8,8486.4,62232.0
1684387449.8896642,1676.8,8369.6,62400.0
1684387449.9395266,1803.2,8360.0,62406.4
1684387449.9895473,1801.6,8369.6,62344.0
1684387450.039589,1916.8,8520.0,62388.8
1684387450.08963,1956.8,8462.4,62422.4
1684387450.1395407,1952.0,8412.8,62518.4
1684387450.189538,2027.2,8392.0,62560.0
1684387450.2395256,1921.6,8403.2,62480.0
1684387450.2896307,1921.6,8502.4,62475.2
1684387450.3395693,1926.4,8304.0,62449.6
1684387450.3895159,1926.4,8305.6,62406.4
1684387450.439526,1926.4,8312.0,62382.4
1684387450.4895847,1924.8,8392.0,62419.2
1684387450.5395207,1924.8,8372.8,62342.4
1684387450.5897336,2011.2,8433.6,62342.4
1684387450.6397557,2011.2,8441.6,62404.8
1684387450.6896057,2009.6,8358.4,62377.6
1684387450.739558,1892.8,8350.4,62564.8
1684387450.789509,1894.4,8208.0,62600.0
1684387450.839553,1920.0,8211.2,62532.8
1684387450.8895967,1865.6,8188.8,62569.6
1684387450.9395802,1865.6,8316.8,62545.6
1684387450.9895203,1787.2,7972.8,62825.6
1684387451.0395901,1790.4,7982.4,62851.2
1684387451.089617,1790.4,7988.8,62832.0
1684387451.1395674,1900.8,8008.0,62849.6
1684387451.1895328,1899.2,7891.2,62840.0
1684387451.2395427,2022.4,8020.8,62836.8
1684387451.2896006,1968.0,8105.6,62576.0
1684387451.3395052,1964.8,8252.8,62656.0
1684387451.3895175,1828.8,8371.2,62632.0
1684387451.4397953,1835.2,8323.2,62659.2
1684387451.4897661,1923.2,8569.6,62358.4
1684387451.5395937,1835.2,8308.8,62292.8
1684387451.589783,1835.2,8316.8,62310.4
1684387451.6395998,1990.4,8065.6,62214.4
1684387451.6896207,1995.2,7988.8,62499.2
1684387451.7395246,2182.4,8078.4,62121.6
1684387451.7895486,2326.4,8139.2,62158.4
1684387451.8395176,2324.8,8148.8,62203.2
1684387451.8896549,2390.4,8318.4,62240.0
1684387451.9395256,2153.6,8387.2,62286.4
1684387451.9895675,2160.0,8350.4,62337.6
1684387452.0395648,2046.4,8377.6,62436.8
1684387452.0896351,1960.0,8345.6,62537.6
1684387452.13957,1963.2,8457.6,62620.8
1684387452.1895523,1888.0,8291.2,62619.2
1684387452.2395146,1889.6,8251.2,62731.2
1684387452.289608,2062.4,8062.4,62785.6
1684387452.3395221,2057.6,8083.2,62769.6
1684387452.3895035,2059.2,8060.8,62804.8
1684387452.4395154,2182.4,8139.2,62843.2
1684387452.489728,2180.8,8139.2,62841.6
1684387452.5396042,2182.4,8139.2,62918.4
1684387452.58991,2086.4,8110.4,62816.0
1684387452.639602,2084.8,7976.0,62801.6
1684387452.6895998,2088.0,8142.4,62827.2
1684387452.739539,2675.2,8108.8,62878.4
1684387452.7895145,3254.4,8217.6,62811.2
1684387452.8397794,3780.8,7958.4,62881.6
1684387452.8896563,4323.2,7969.6,62801.6
1684387452.9395769,4942.4,7838.4,62857.6
1684387452.9895294,5646.4,7968.0,62699.2
1684387453.0395818,6278.4,7948.8,62608.0
1684387453.0896006,6926.4,8000.0,62665.6
1684387453.1395524,7422.4,8078.4,62720.0
1684387453.189524,8014.4,8097.6,62641.6
1684387453.2394967,8502.4,8097.6,62598.4
1684387453.2895858,9110.4,7923.2,62766.4
1684387453.3395066,9708.8,7862.4,62680.0
1684387453.389534,10361.6,7604.8,62576.0
1684387453.4394956,10908.8,7532.8,62422.4
1684387453.489595,11374.4,7171.2,62601.6
1684387453.5395105,11924.8,7196.8,62395.2
1684387453.5898757,12470.4,7107.2,62152.0
1684387453.6395824,12859.2,7112.0,62107.2
1684387453.6896305,13488.0,7120.0,61667.2
1684387453.73952,13835.2,7001.6,61862.4
1684387453.7895286,14225.6,6900.8,61744.0
1684387453.8395085,14777.6,6780.8,61539.2
1684387453.889575,15236.8,6752.0,61350.4
1684387453.9395506,15782.4,6681.6,61118.4
1684387453.9895015,16320.0,6723.2,60868.8
1684387454.0396044,16864.0,6524.8,60628.8
1684387454.0896177,17411.2,6563.2,60521.6
1684387454.1395597,17947.2,6481.6,60236.8
1684387454.1895068,18491.2,6550.4,59944.0
1684387454.2395203,19035.2,6668.8,59718.4
1684387454.2895722,19387.2,6798.4,59508.8
1684387454.339611,19931.2,6899.2,59353.6
1684387454.389513,20481.6,6891.2,59128.0
1684387454.4394982,20865.6,6694.4,58862.4
1684387454.4895804,21403.2,6595.2,58672.0
1684387454.5395064,21931.2,6606.4,58411.2
1684387454.5897574,22438.4,6553.6,58185.6
1684387454.6396523,23064.0,6465.6,57812.8
1684387454.6896245,23689.6,6187.2,57512.0
1684387454.739523,23755.2,6187.2,57000.0
1684387454.7895257,23900.8,6185.6,56537.6
1684387454.8394892,23956.8,6312.0,55952.0
1684387454.8896062,24038.4,6195.2,55692.8
1684387454.939512,23937.6,6267.2,55464.0
1684387454.9895341,23848.0,6187.2,55145.6
1684387455.0395584,23835.2,6088.0,54958.4
1684387455.089686,23702.4,6068.8,54520.0
1684387455.1395254,23627.2,5920.0,54142.4
1684387455.1895325,23657.6,5811.2,53857.6
1684387455.2395582,23584.0,5566.4,53588.8
1684387455.289632,23508.8,5536.0,53408.0
1684387455.3395476,23441.6,5417.6,53129.6
1684387455.3894966,23324.8,5428.8,52910.4
1684387455.4395242,23305.6,5409.6,52764.8
1684387455.4896994,23344.0,5555.2,52568.0
1684387455.539563,23233.6,5446.4,52574.4
1684387455.5897295,23185.6,5606.4,52475.2
1684387455.6398141,23262.4,5568.0,52243.2
1684387455.6896021,23153.6,5438.4,52388.8
1684387455.739528,23140.8,5448.0,52286.4
1684387455.789506,23142.4,5392.0,52112.0
1684387455.8395247,23128.0,5392.0,52054.4
1684387455.889586,23208.0,5721.6,51852.8
1684387455.9398327,23193.6,6859.2,51814.4
1684387455.9900074,23184.0,7963.2,51692.8
1684387456.039747,23174.4,9169.6,51544.0
1684387456.0892715,23160.0,10225.6,51459.2
1684387456.139228,23214.4,11355.2,51353.6
1684387456.1895514,23208.0,12492.8,51321.6
1684387456.2414622,23286.4,13588.8,51225.6
1684387456.2897427,23296.0,14705.6,51097.6
1684387456.3395636,23275.2,15883.2,50972.8
1684387456.389867,23248.0,17270.4,50862.4
1684387456.4396055,23352.0,18796.8,50507.2
1684387456.4898396,23344.0,20267.2,50393.6
1684387456.5395987,23329.6,21636.8,50363.2
1684387456.5896738,23320.0,23056.0,50390.4
1684387456.6397336,23219.2,24564.8,50440.0
1684387456.6897366,23080.0,26065.6,50448.0
1684387456.7395253,22953.6,27424.0,50622.4
1684387456.789546,22715.2,28681.6,50859.2
1684387456.8395143,22846.4,30051.2,50944.0
1684387456.8897114,22748.8,31523.2,50900.8
1684387456.9395337,22755.2,32784.0,50870.4
1684387456.9902759,22657.6,34088.0,51078.4
1684387457.0402713,22641.6,35556.8,51118.4
1684387457.0903254,22777.6,36678.4,51324.8
1684387457.1377006,22769.6,38248.0,51377.6
1684387457.1875308,22768.0,39486.4,51248.0
1684387457.2376456,22755.2,40635.2,51265.6
1684387457.287605,22756.8,41532.8,51158.4
1684387457.3374753,22729.6,41777.6,51004.8
1684387457.3874555,22729.6,41857.6,51075.2
1684387457.4376378,22692.8,42017.6,51020.8
1684387457.4876037,22635.2,41908.8,51086.4
1684387457.5374715,22636.8,41888.0,50651.2
1684387457.5874503,22780.8,41846.4,50625.6
1684387457.6376233,22694.4,41844.8,50680.0
1684387457.687565,22704.0,41907.2,50643.2
1684387457.7374542,22710.4,41806.4,50492.8
1684387457.7874436,22705.6,41940.8,50505.6
1684387457.8397288,22689.6,42008.0,50268.8
1684387457.8897495,22712.0,41473.6,50313.6
1684387457.9396105,22798.4,40350.4,50006.4
1684387457.9895442,22761.6,39232.0,50091.2
1684387458.0396807,22761.6,37977.6,50147.2
1684387458.0896778,22945.6,36776.0,49857.6
1684387458.1395738,22876.8,35622.4,49622.4
1684387458.1895504,22876.8,34400.0,49355.2
1684387458.2395406,22792.0,33177.6,49256.0
1684387458.289669,22881.6,31809.6,49272.0
1684387458.339555,22985.6,30500.8,48977.6
1684387458.3895345,23075.2,29110.4,48753.6
1684387458.4395127,23089.6,27547.2,48788.8
1684387458.4897056,23070.4,26035.2,48881.6
1684387458.539544,23180.8,24659.2,48812.8
1684387458.5896327,23280.0,23156.8,48748.8
1684387458.63974,23366.4,21755.2,48803.2
1684387458.6897051,23393.6,20296.0,48772.8
1684387458.7395382,23401.6,18832.0,48889.6
1684387458.7895103,23422.4,17497.6,48836.8
1684387458.8395028,23206.4,15963.2,49008.0
1684387458.8896809,23203.2,14480.0,49118.4
1684387458.9399068,23291.2,13040.0,49110.4
1684387458.989998,23297.6,11648.0,49160.0
1684387459.039341,23200.0,10169.6,49014.4
1684387459.089226,23081.6,8851.2,48731.2
1684387459.1396594,23081.6,7302.4,48774.4
1684387459.1895313,23057.6,6379.2,48924.8
1684387459.2398016,23070.4,5403.2,49140.8
1684387459.2896273,23068.8,4625.6,49427.2
1684387459.339617,23078.4,4438.4,49734.4
1684387459.3895392,23088.0,4347.2,50065.6
1684387459.4396093,23134.4,4208.0,50419.2
1684387459.489618,23145.6,4372.8,50755.2
1684387459.5395663,23193.6,4384.0,51449.6
1684387459.589612,23510.4,4297.6,51811.2
1684387459.639766,23904.0,4427.2,51912.0
1684387459.689618,23371.2,4376.0,52190.4
1684387459.7395542,22907.2,4436.8,52577.6
1684387459.7895246,22374.4,4347.2,52832.0
1684387459.839545,21856.0,4449.6,53374.4
1684387459.8895917,21315.2,4544.0,53454.4
1684387459.9400482,20694.4,4691.2,53636.8
1684387459.9927046,20203.2,4680.0,53888.0
1684387460.0389361,19668.8,4680.0,54179.2
1684387460.0885496,18952.0,4694.4,54662.4
1684387460.1383765,18540.8,4664.0,55275.2
1684387461.824875,18092.8,4600.0,55817.6
1684387461.8286128,17558.4,4532.8,56238.4
1684387461.8324556,17059.2,4566.4,56537.6
1684387461.8362534,16555.2,4467.2,57040.0
1684387461.8400831,16064.0,4390.4,57563.2
1684387461.8453975,15564.8,4465.6,58139.2
1684387461.849324,15267.2,4475.2,58438.4
1684387461.853051,14769.6,4380.8,58772.8
1684387461.856932,14270.4,4385.6,59097.6
1684387461.860585,13785.6,4275.2,59353.6
1684387461.8642511,13393.6,4252.8,59683.2
1684387461.8678756,12984.0,4249.6,59928.0
1684387461.8716807,12600.0,4126.4,60147.2
1684387461.8754077,12076.8,4113.6,60377.6
1684387461.8804212,11552.0,4164.8,60521.6
1684387461.8844156,10937.6,4216.0,60688.0
1684387461.888241,10403.2,4238.4,60932.8
1684387461.892082,9892.8,4288.0,61312.0
1684387461.8958352,9449.6,4305.6,61808.0
1684387461.899396,8923.2,4425.6,61787.2
1684387461.9030023,8329.6,4148.8,62121.6
1684387461.9066603,7795.2,4044.8,62211.2
1684387461.9102283,7262.4,3945.6,62292.8
1684387461.9135888,6747.2,3867.2,62465.6
1684387461.917021,6206.4,3888.0,62356.8
1684387461.9203725,5662.4,3886.4,62320.0
1684387461.9219968,5116.8,3721.6,62300.8
1684387461.9232528,4539.2,3731.2,62276.8
1684387461.9245036,3673.6,3710.4,62238.4
1684387461.9257514,2745.6,3590.4,62361.6
1684387461.9269993,2745.6,3601.6,62420.8
1684387461.9282494,2681.6,3667.2,62459.2
1684387461.929496,2681.6,3667.2,62414.4
1684387461.9307406,2688.0,3508.8,62286.4
1684387461.9319847,2601.6,3408.0,62211.2
1684387461.937415,2603.2,3406.4,62625.6
1684387461.9876692,2700.8,3440.0,62659.2
1684387462.037552,2787.2,3468.8,62600.0
1684387462.0875905,2798.4,3664.0,62547.2
1684387462.1380208,2777.6,3740.8,62560.0
1684387462.18764,2779.2,3740.8,62520.0
1684387462.237673,2776.0,3849.6,62430.4
1684387462.2881494,2744.0,3851.2,62404.8
1684387462.337705,2713.6,3881.6,62409.6
1684387462.387605,2667.2,3881.6,62464.0
1684387462.4374623,2630.4,3822.4,62393.6
1684387462.487617,2542.4,3843.2,62304.0
1684387462.5376348,2508.8,3894.4,62203.2
1684387462.5874631,2385.6,3915.2,62168.0
1684387462.6376626,2368.0,4115.2,62131.2
1684387462.689218,2244.8,4156.8,62107.2
1684387462.7392187,2121.6,4177.6,62030.4
1684387462.7895212,2001.6,4308.8,62132.8
1684387462.8397512,2001.6,4331.2,62147.2
1684387462.8896801,2003.2,4388.8,62244.8
1684387462.9395623,2004.8,4457.6,62403.2
1684387462.9895518,2006.4,4435.2,62339.2
1684387463.0396373,2110.4,4401.6,62331.2
1684387463.0896132,2022.4,4401.6,62361.6
1684387463.139544,2089.6,4280.0,62611.2
1684387463.1895013,2174.4,4388.8,62561.6
1684387463.2395148,2172.8,4366.4,62476.8
1684387463.2896113,2174.4,4444.8,62481.6
1684387463.3395405,2320.0,4542.4,62174.4
1684387463.3895125,2316.8,4521.6,62220.8
1684387463.4394832,2318.4,4523.2,62152.0
1684387463.4895773,2320.0,4622.4,61996.8
1684387463.5394812,2316.8,4681.6,62062.4
1684387463.58962,2227.2,4651.2,62134.4
1684387463.6397452,2315.2,4832.0,62078.4
1684387463.689591,2419.2,4851.2,61996.8
1684387463.739499,2425.6,4796.8,61980.8
1684387463.7894886,2427.2,4798.4,62024.0
1684387463.8394935,2496.0,4897.6,62131.2
1684387463.8895688,2563.2,4928.0,62432.0
1684387463.9395952,2561.6,4876.8,62459.2
1684387463.9895322,2470.4,4776.0,62436.8
1684387464.0397823,2385.6,4745.6,62526.4
1684387464.0896318,2372.8,4780.8,62612.8
1684387464.1395054,2280.0,4670.4,62587.2
1684387464.189523,2190.4,4670.4,62700.8
1684387464.2398224,2190.4,4528.0,62696.0
1684387464.2896976,2185.6,4550.4,62737.6
1684387464.3396888,2184.0,4636.8,62569.6
1684387464.389558,2393.6,4776.0,62257.6
1684387464.4395263,2491.2,4838.4,61905.6
1684387464.489652,2512.0,4929.6,61945.6
1684387464.5395174,2508.8,5014.4,61782.4
1684387464.5897734,2510.4,5012.8,61827.2
1684387464.6397386,2404.8,4856.0,61872.0
1684387464.6896138,2404.8,4835.2,61891.2
1684387464.7395074,2489.6,4948.8,61892.8
1684387464.7894998,2576.0,4840.0,61864.0
1684387464.8395085,2577.6,4841.6,61894.4
1684387464.8895724,2588.8,4764.8,61896.0
1684387464.9395635,2587.2,4694.4,61891.2
1684387464.9908054,2585.6,4692.8,61972.8
1684387465.0383165,2681.6,4715.2,61960.0
1684387465.0881894,2769.6,4696.0,61920.0
1684387465.139564,2886.4,4828.8,61649.6
1684387465.1895075,2801.6,4731.2,61704.0
1684387465.2396314,2800.0,4731.2,61731.2
1684387465.2896602,2891.2,4761.6,61678.4
1684387465.3395936,2747.2,4644.8,61940.8
1684387465.389507,2748.8,4763.2,62004.8
1684387465.4395342,2747.2,4763.2,62110.4
1684387465.4896138,2745.6,4664.0,62265.6
1684387465.5395503,2747.2,4563.2,62214.4
1684387465.5895236,2745.6,4614.4,62180.8
1684387465.6398716,2657.6,4435.2,62243.2
1684387465.6896102,2699.2,4464.0,62302.4
1684387465.7395418,2694.4,4464.0,62315.2
1684387465.7894936,2694.4,4624.0,62283.2
1684387465.8398237,2620.8,4555.2,62280.0
1684387465.8898518,2555.2,4624.0,62339.2
1684387465.9395926,2558.4,4683.2,62315.2
1684387465.989141,2547.2,4665.6,62296.0
1684387466.0410955,2545.6,4987.2,61905.6
1684387466.089346,2553.6,4748.8,61609.6
1684387466.1393695,2553.6,4747.2,61584.0
1684387466.1891413,2552.0,4747.2,61579.2
1684387466.2390945,2550.4,4808.0,61566.4
1684387466.289666,2462.4,4784.0,61480.0
1684387466.3395274,2483.2,4833.6,61731.2
1684387466.389836,2198.4,4840.0,61774.4
1684387466.439734,2012.8,4756.8,62113.6
1684387466.4898415,1868.8,4784.0,61904.0
1684387466.5396025,1777.6,4766.4,61964.8
1684387466.589575,1774.4,4958.4,61920.0
1684387466.6397214,1772.8,5033.6,61748.8
1684387466.6896582,1772.8,5075.2,61694.4
1684387466.739519,1792.0,4940.8,61720.0
1684387466.7895217,1785.6,4972.8,61700.8
1684387466.8394954,1784.0,4971.2,61694.4
1684387466.8896418,1896.0,5056.0,61628.8
1684387466.9395046,1897.6,5036.8,61544.0
1684387466.9895213,1982.4,5185.6,61464.0
1684387467.0397663,1782.4,5204.8,61441.6
1684387467.0896494,1782.4,5403.2,61132.8
1684387467.1395266,1598.4,5449.6,61358.4
1684387467.1902921,1598.4,5419.2,61344.0
1684387467.2397425,1684.8,5452.8,61332.8
1684387467.289674,1648.0,5294.4,61384.0
1684387467.337693,1648.0,5312.0,61323.2
1684387467.3875303,1769.6,5310.4,61289.6
1684387467.437631,1857.6,5344.0,61241.6
1684387467.487596,1859.2,5347.2,61179.2
1684387467.5374637,1932.8,5612.8,61256.0
1684387467.5875125,1932.8,5620.8,61211.2
1684387467.637627,1931.2,5801.6,61201.6
1684387467.6875353,1788.8,5769.6,61236.8
1684387467.7374578,1787.2,5825.6,61283.2
1684387467.787439,1788.8,5734.4,61324.8
1684387467.8375926,1787.2,5704.0,61256.0
1684387467.8875775,1787.2,5606.4,61164.8
1684387467.9374566,1876.8,5380.8,60894.4
1684387467.987437,1966.4,5401.6,60884.8
1684387468.037489,2060.8,5177.6,61265.6
1684387468.0896835,2054.4,5220.8,61515.2
1684387468.1395607,2056.0,5209.6,61566.4
1684387468.1895075,2142.4,5443.2,61364.8
1684387468.2394958,2144.0,5432.0,61388.8
1684387468.2895653,2144.0,5428.8,61440.0
1684387468.3395116,2032.0,5294.4,61465.6
1684387468.3894951,2030.4,5179.2,61747.2
1684387468.4394803,2032.0,5209.6,61771.2
1684387468.48957,2030.4,5070.4,62056.0
1684387468.53953,2032.0,4971.2,62208.0
1684387468.5895035,2150.4,4832.0,62249.6
1684387468.6397169,2150.4,4860.8,62395.2
1684387468.6896048,2148.8,4819.2,62427.2
1684387468.7395284,2188.8,4953.6,62171.2
1684387468.7895195,2104.0,4921.6,62176.0
1684387468.8394933,2105.6,5068.8,62241.6
1684387468.8895764,2076.8,5091.2,61979.2
1684387468.9395041,2076.8,5091.2,62043.2
1684387468.9895205,1995.2,5041.6,62032.0
1684387469.039481,1995.2,5022.4,62012.8
1684387469.0896785,1905.6,4825.6,62312.0
1684387469.139528,1910.4,4646.4,62404.8
1684387469.1895268,1907.2,4665.6,62342.4
1684387469.2394836,1824.0,4731.2,62313.6
1684387469.289602,1809.6,4790.4,62315.2
1684387469.3398414,1808.0,4868.8,62105.6
1684387469.3896198,1788.8,4852.8,62089.6
1684387469.4395273,1787.2,4947.2,61819.2
1684387469.4896238,1787.2,5132.8,61800.0
1684387469.539509,1715.2,4918.4,61782.4
1684387469.5895345,1715.2,5363.2,61884.8
1684387469.6397362,1753.6,5320.0,61753.6
1684387469.6897795,1748.8,5400.0,61436.8
1684387469.7395425,1750.4,5312.0,61428.8
1684387469.7895267,1760.0,5281.6,61417.6
1684387469.8394961,1763.2,5310.4,61440.0
1684387469.8895802,1761.6,5395.2,61540.8
1684387469.9395068,1820.8,5441.6,61819.2
1684387469.989487,1817.6,5513.6,61529.6
1684387470.0395124,1758.4,5598.4,61571.2
1684387470.0896697,1846.4,5592.0,61555.2
1684387470.1395583,2025.6,5790.4,61212.8
1684387470.189486,1939.2,5664.0,61219.2
1684387470.2394938,1939.2,5643.2,61265.6
1684387470.289561,2035.2,5777.6,61054.4
1684387470.3395476,2124.8,5769.6,60969.6
1684387470.3894916,2216.0,5763.2,60803.2
1684387470.4395115,2300.8,5723.2,60771.2
1684387470.4895823,2304.0,5776.0,60763.2
1684387470.53953,2465.6,5777.6,60788.8
1684387470.589483,2467.2,5838.4,60758.4
1684387470.639877,2465.6,5715.2,60720.0
1684387470.6896353,2563.2,5913.6,60707.2
1684387470.7395453,2420.8,5822.4,60980.8
1684387470.7894917,2425.6,5822.4,61056.0
1684387470.8395114,2424.0,5913.6,61017.6
1684387470.8895898,2328.0,5816.0,61297.6
1684387470.9395008,2328.0,5816.0,61323.2
1684387470.9895127,2388.8,5681.6,61382.4
1684387471.039476,2388.8,5691.2,61449.6
1684387471.089693,2388.8,5760.0,61422.4
1684387471.1395118,2384.0,5801.6,61368.0
1684387471.1895137,2385.6,5780.8,61436.8
1684387471.2394826,2563.2,5939.2,61256.0
1684387471.2895873,2521.6,5940.8,61243.2
1684387471.3394992,2526.4,6043.2,61492.8
1684387471.390155,2422.4,5953.6,61334.4
1684387471.4391477,2336.0,5825.6,61651.2
1684387471.489498,2334.4,5744.0,61752.0
1684387471.5396085,2368.0,5704.0,61668.8
1684387471.5895426,2366.4,5228.8,61640.0
1684387471.6397188,2470.4,5110.4,61843.2
1684387471.689636,2470.4,5043.2,62147.2
1684387471.7395346,2468.8,5043.2,62153.6
1684387471.7894921,2456.0,5044.8,62128.0
1684387471.839494,2451.2,5014.4,62160.0
1684387471.8895974,2526.4,5076.8,62139.2
1684387471.9395046,2372.8,5182.4,62147.2
1684387471.9894931,2284.8,5088.0,62416.0
1684387472.0395155,2248.0,4918.4,62345.6
1684387472.0896623,2158.4,5004.8,62083.2
1684387472.1395423,1979.2,4848.0,62374.4
1684387472.1894855,2068.8,4720.0,62523.2
1684387472.2394738,2067.2,4720.0,62448.0
1684387472.2895653,2094.4,4667.2,62675.2
1684387472.3395534,2086.4,4694.4,62678.4
1684387472.3894894,1995.2,4689.6,62798.4
1684387472.4395018,2001.6,4848.0,62836.8
1684387472.4895675,2000.0,4817.6,62744.0
1684387472.539531,1838.4,5017.6,62721.6
1684387472.5895853,1720.0,4916.8,62785.6
1684387472.6397438,1808.0,5000.0,62667.2
1684387472.6896052,1723.2,4872.0,62668.8
1684387472.7395024,1720.0,4862.4,62662.4
1684387472.7895083,1716.8,4860.8,62654.4
1684387472.839739,1918.4,4612.8,62616.0
1684387472.8896275,1921.6,4620.8,62643.2
1684387472.9395483,2035.2,4817.6,62606.4
1684387472.989516,1972.8,4972.8,62644.8
1684387473.039485,2059.2,5158.4,62508.8
1684387473.0896714,2158.4,5270.4,62542.4
1684387473.1395142,2158.4,5259.2,62422.4
1684387473.1897447,2158.4,5409.6,62393.6
1684387473.2395427,2068.8,5166.4,62345.6
1684387473.289608,2080.0,5136.0,62388.8
1684387473.3395085,2083.2,4996.8,62392.0
1684387473.3894837,2172.8,4971.2,62280.0
1684387473.4394884,2259.2,4974.4,62204.8
1684387473.4896023,2384.0,4878.4,62161.6
1684387473.5394933,2350.4,4937.6,62190.4
1684387473.5895226,2505.6,4947.2,61947.2
1684387473.6397038,2364.8,4958.4,61913.6
1684387473.689616,2364.8,4929.6,61926.4
1684387473.7395117,2366.4,5147.2,61928.0
1684387473.789529,2366.4,5126.4,61940.8
1684387473.8394792,2369.6,5129.6,61948.8
1684387473.8896036,2296.0,4993.6,61918.4
1684387473.9394846,2296.0,4868.8,61918.4
1684387473.989488,2307.2,4897.6,61904.0
1684387474.039483,2307.2,4865.6,61950.4
1684387474.0896826,2307.2,4753.6,62184.0
1684387474.1395142,2488.0,4755.2,62078.4
1684387474.1895103,2398.4,4806.4,62099.2
1684387474.239481,2398.4,4806.4,62152.0
1684387474.2895637,2436.8,4932.8,61888.0
1684387474.3396614,2353.6,4900.8,61886.4
1684387474.389509,2353.6,5049.6,61942.4
1684387474.4394975,2259.2,4923.2,61972.8
1684387474.489568,2257.6,4923.2,62019.2
1684387474.539494,2259.2,4859.2,62078.4
1684387474.5894852,2257.6,4859.2,62003.2
1684387474.639695,2169.6,4776.0,62139.2
1684387474.6895733,2160.0,4676.8,62172.8
1684387474.739538,2161.6,4684.8,62136.0
1684387474.7894797,2161.6,4756.8,62041.6
1684387474.8395271,2091.2,4824.0,61798.4
1684387474.889563,2088.0,4803.2,61756.8
1684387474.939499,2086.4,4704.0,61764.8
1684387474.989484,2084.8,4715.2,61752.0
1684387475.0395088,1996.8,4720.0,61798.4
1684387475.0897045,1897.6,4556.8,61787.2
1684387475.139548,1897.6,4528.0,61995.2
1684387475.189523,1908.8,4467.2,61979.2
1684387475.2398105,1819.2,4516.8,61936.0
1684387475.289674,1808.0,4718.4,61936.0
1684387475.3395898,1803.2,4678.4,61953.6
1684387475.3895035,1800.0,4716.8,62129.6
1684387475.4394968,1713.6,4713.6,62131.2
1684387475.4895704,1744.0,4734.4,62153.6
1684387475.5394955,2011.2,4804.8,62091.2
1684387475.5895088,1934.4,4944.0,62313.6
1684387475.6398447,1939.2,4944.0,62344.0
1684387475.6896389,2121.6,5140.8,62001.6
1684387475.7395067,2120.0,5108.8,61968.0
1684387475.7895286,2123.2,5089.6,62011.2
1684387475.8394976,2120.0,5244.8,62024.0
1684387475.8896332,2209.6,5235.2,62009.6
1684387475.939781,2212.8,5225.6,61942.4
1684387475.9908984,2297.6,5259.2,61696.0
1684387476.0394452,2304.0,5315.2,61440.0
1684387476.0893242,2488.0,5515.2,61534.4
1684387476.1391442,2624.0,5571.2,61651.2
1684387476.1891065,2715.2,5540.8,61584.0
1684387476.2400854,2774.4,5700.8,61566.4
1684387476.2896667,2614.4,5526.4,61840.0
1684387476.339133,2702.4,5729.6,61912.0
1684387476.3893127,2704.0,5764.8,61590.4
1684387476.4398131,2705.6,5755.2,61528.0
1684387476.489818,2707.2,5814.4,61558.4
1684387476.5395963,2750.4,5641.6,61531.2
1684387476.5895329,2752.0,5651.2,61606.4
1684387476.639841,2752.0,5699.2,61571.2
1684387476.6896574,2748.8,5768.0,61601.6
1684387476.7395532,2748.8,5747.2,61641.6
1684387476.7895055,2860.8,5936.0,61744.0
1684387476.8394837,2729.6,5916.8,62044.8
1684387476.8896134,2777.6,6097.6,62028.8
1684387476.9395497,2664.0,6019.2,62057.6
1684387476.9912064,2664.0,5889.6,61715.2
1684387477.040374,2665.6,5939.2,61804.8
1684387477.089057,2676.8,5918.4,61793.6
1684387477.1386878,2675.2,6024.0,61729.6
1684387477.18826,2776.0,5934.4,61768.0
1684387477.2384343,2774.4,5985.6,62083.2
1684387477.2889578,2776.0,5790.4,61854.4
1684387477.3388207,2772.8,5811.2,61833.6
1684387477.3895326,2683.2,5788.8,61960.0
1684387477.4398787,2768.0,5948.8,61960.0
1684387477.4892626,2612.8,5945.6,61948.8
1684387477.5391207,2342.4,5846.4,62036.8
1684387477.5895164,2262.4,5710.4,62032.0
1684387477.6398182,2344.0,5692.8,61716.8
1684387477.6896284,2161.6,5536.0,62006.4
1684387477.739521,2307.2,5334.4,61854.4
1684387477.7895212,2304.0,5353.6,61779.2
1684387477.839785,2438.4,5236.8,61796.8
1684387477.889743,2350.4,5273.6,61835.2
1684387477.9395258,2347.2,5272.0,61835.2
1684387477.98984,2249.6,5356.8,62088.0
1684387478.0396562,2243.2,5323.2,62267.2
1684387478.0897343,2059.2,5326.4,62281.6
1684387478.1395204,1744.0,5238.4,62292.8
1684387478.1895216,1652.8,5238.4,62315.2
1684387478.239486,1600.0,5147.2,62331.2
1684387478.289582,1596.8,5128.0,62254.4
1684387478.339499,1508.8,4926.4,62209.6
1684387478.3895097,1632.0,4732.8,62494.4
1684387478.439491,1720.0,4849.6,62251.2
1684387478.4895585,1824.0,4899.2,62156.8
1684387478.5394948,1779.2,4964.8,62176.0
1684387478.5894737,1777.6,4944.0,62153.6
1684387478.6398196,1864.0,5043.2,62139.2
1684387478.6895819,1865.6,5108.8,62163.2
1684387478.7395182,1864.0,5219.2,62177.6
1684387478.7894888,1750.4,4969.6,62177.6
1684387478.8395169,1753.6,5025.6,62078.4
1684387478.8895445,1774.4,4886.4,62084.8
1684387478.9395368,2076.8,4932.8,61806.4
1684387478.9896274,2168.0,4932.8,62137.6
1684387479.0395272,2388.8,4800.0,61820.8
1684387479.0896394,2382.4,4830.4,61808.0
1684387479.1395884,2568.0,4819.2,61449.6
1684387479.1897883,2480.0,4851.2,61419.2
1684387479.2396138,2488.0,4737.6,61475.2
1684387479.2895646,2491.2,4878.4,61704.0
1684387479.339631,2489.6,4848.0,61718.4
1684387479.3895047,2579.2,4849.6,61696.0
1684387479.4394913,2497.6,4702.4,61697.6
1684387479.4898183,2496.0,4684.8,61683.2
1684387479.5396006,2569.6,4684.8,61665.6
1684387479.5894926,2572.8,4654.4,61729.6
1684387479.6399193,2484.8,4660.8,61974.4
1684387479.6891959,2497.6,4742.4,61851.2
1684387479.7391021,2360.0,4875.2,62036.8
1684387479.7891955,2361.6,4856.0,61929.6
1684387479.8394895,2360.0,4913.6,61929.6
1684387479.889581,2355.2,4875.2,61907.2
1684387479.9394934,2361.6,5084.8,61984.0
1684387479.9895387,2363.2,4948.8,61976.0
1684387480.0395133,2363.2,4947.2,62076.8
1684387480.089681,2390.4,4814.4,62065.6
1684387480.1395154,2387.2,4816.0,62028.8
1684387480.1895063,2387.2,4814.4,62073.6
1684387480.2394779,2472.0,4884.8,61859.2
1684387480.2895522,2470.4,4904.0,61923.2
1684387480.3395236,2470.4,4992.0,61875.2
1684387480.3894734,2468.8,5043.2,61912.0
1684387480.4394755,2379.2,4916.8,62156.8
1684387480.4895215,2320.0,4976.0,62268.8
1684387480.539497,2318.4,4966.4,62216.0
1684387480.589464,2318.4,5137.6,62155.2
1684387480.6398494,2232.0,5008.0,62182.4
1684387480.6895971,2230.4,4915.2,62182.4
1684387480.739506,2243.2,4825.6,62174.4
1684387480.7894826,2328.0,4817.6,61880.0
1684387480.8395023,2321.6,4723.2,61921.6
1684387480.8895435,2358.4,4683.2,61961.6
1684387480.9395316,2142.4,4744.0,61912.0
1684387480.9894762,2051.2,4744.0,61872.0
1684387481.0394962,1942.4,4648.0,62086.4
1684387481.0896688,2025.6,4716.8,61811.2
1684387481.13955,1844.8,4832.0,62171.2
1684387481.1894786,1820.8,4830.4,62190.4
1684387481.2395105,1812.8,4828.8,62102.4
1684387481.2895396,1808.0,4683.2,62001.6
1684387481.3395174,1894.4,4684.8,62000.0
1684387481.390566,1806.4,4683.2,61964.8
1684387481.4396405,1888.0,4627.2,61838.4
1684387481.4894075,1984.0,4720.0,61790.4
1684387481.5392404,2035.2,4808.0,61798.4
1684387481.5895407,2033.6,4865.6,61812.8
1684387481.6398973,2043.2,4846.4,61892.8
1684387481.6892104,2096.0,4894.4,62043.2
1684387481.7391071,2088.0,4780.8,61948.8
1684387481.789198,2088.0,4979.2,62104.0
1684387481.839495,1955.2,4979.2,62104.0
1684387481.8895905,2046.4,4996.8,62121.6
1684387481.939508,2131.2,4964.8,61784.0
1684387481.9895065,2131.2,4974.4,61771.2
1684387482.0395017,2318.4,5172.8,61430.4
1684387482.0896943,2435.2,5123.2,61390.4
1684387482.1396642,2438.4,5142.4,61456.0
1684387482.1895585,2523.2,5144.0,61345.6
1684387482.2394989,2432.0,5049.6,61572.8
1684387482.2895966,2438.4,5019.2,61609.6
1684387482.3395064,2536.0,5081.6,61648.0
1684387482.389479,2419.2,5072.0,61612.8
1684387482.4394789,2419.2,5259.2,61596.8
1684387482.4895816,2376.0,5102.4,61579.2
1684387482.5395095,2379.2,5092.8,61654.4
1684387482.5894678,2472.0,5062.4,61385.6
1684387482.6398165,2566.4,5120.0,61219.2
1684387482.6896045,2566.4,5108.8,61180.8
1684387482.7395175,2667.2,5257.6,61209.6
1684387482.7894862,2584.0,5294.4,61489.6
1684387482.8397858,2585.6,5294.4,61528.0
1684387482.8896449,2480.0,5324.8,61475.2
1684387482.9395266,2393.6,5196.8,61803.2
1684387482.9894872,2481.6,5395.2,61835.2
1684387483.039509,2368.0,5374.4,61907.2
1684387483.0896547,2280.0,5276.8,62177.6
1684387483.1395223,2296.0,5036.8,62185.6
1684387483.1895409,2294.4,5025.6,62192.0
1684387483.239489,2296.0,5024.0,62280.0
1684387483.2895522,2508.8,5118.4,62075.2
1684387483.3395088,2424.0,5136.0,62075.2
1684387483.389475,2537.6,5264.0,62150.4
1684387483.4395049,2452.8,5336.0,62280.0
1684387483.4895327,2358.4,5232.0,62284.8
1684387483.5395312,2236.8,5332.8,62294.4
1684387483.5894732,2236.8,5296.0,62206.4
1684387483.63983,2227.2,5425.6,62134.4
1684387483.6895986,2252.8,5257.6,62121.6
1684387483.739513,2254.4,5256.0,62150.4
1684387483.789488,2310.4,5096.0,62225.6
1684387483.8394957,2310.4,5019.2,62140.8
1684387483.8895307,2220.8,5000.0,62107.2
1684387483.939524,2264.0,4862.4,62432.0
1684387483.9894838,2265.6,4870.4,62524.8
1684387484.039462,2097.6,4670.4,62763.2
1684387484.0896459,1955.2,4681.6,62798.4
1684387484.1395304,1953.6,4651.2,62729.6
1684387484.189513,1868.8,4798.4,62782.4
1684387484.2394867,1955.2,4774.4,62777.6
1684387484.2895808,1948.8,4892.8,62676.8
1684387484.3395774,1849.6,4740.8,62681.6
1684387484.3895452,1931.2,4723.2,62547.2
1684387484.4394832,2038.4,4534.4,62572.8
1684387484.489546,2035.2,4512.0,62596.8
1684387484.539496,2032.0,4500.8,62499.2
1684387484.5894842,1995.2,4480.0,62774.4
1684387484.639794,1899.2,4432.0,62939.2
1684387484.690983,1899.2,4432.0,62966.4
1684387484.739049,1862.4,4294.4,62870.4
1684387484.7889428,1950.4,4257.6,62859.2
1684387484.8385506,1950.4,4425.6,62872.0
1684387484.888671,1955.2,4404.8,62902.4
1684387484.9395509,2134.4,4489.6,62449.6
1684387484.989536,2148.8,4358.4,62140.8
1684387485.0394936,2240.0,4443.2,61868.8
1684387485.0896423,2424.0,4443.2,61870.4
1684387485.1395297,2496.0,4478.4,61835.2
1684387485.1895103,2587.2,4496.0,61787.2
1684387485.2395616,2590.4,4587.2,61774.4
1684387485.2896247,2473.6,4521.6,62060.8
1684387485.3395522,2476.8,4491.2,62152.0
1684387485.3894975,2408.0,4492.8,62086.4
1684387485.4394965,2412.8,4465.6,62099.2
1684387485.4896133,2500.8,4644.8,62188.8
1684387485.5395107,2497.6,4456.0,62147.2
1684387485.5894823,2500.8,4454.4,62235.2
1684387485.6397822,2547.2,4372.8,62324.8
1684387485.6895893,2457.6,4380.8,62313.6
1684387485.7395046,2456.0,4379.2,62340.8
1684387485.789471,2435.2,4360.0,62342.4
1684387485.8395102,2435.2,4368.0,62412.8
1684387485.8895385,2438.4,4369.6,62425.6
1684387485.9395404,2446.4,4360.0,62401.6
1684387485.9897733,2446.4,4332.8,62334.4
1684387486.0398655,2446.4,4531.2,62385.6
1684387486.089302,2443.2,4520.0,62379.2
1684387486.1392353,2441.6,4680.0,62411.2
1684387486.1895037,2528.0,4640.0,62156.8
1684387486.239504,2441.6,4620.8,62184.0
1684387486.2898133,2444.8,4523.2,62211.2
1684387486.3395104,2449.6,4632.0,62078.4
1684387486.3897414,2360.0,4619.2,62147.2
1684387486.4395905,2398.4,4617.6,62184.0
1684387486.489781,2488.0,4657.6,62134.4
1684387486.5395901,2488.0,4657.6,62161.6
1684387486.5895007,2548.8,4569.6,62140.8
1684387486.639752,2550.4,4638.4,61902.4
1684387486.689609,2561.6,4838.4,61876.8
1684387486.7396653,2488.0,4836.8,61948.8
1684387486.7895212,2398.4,4836.8,61915.2
1684387486.8395104,2400.0,4672.0,61857.6
1684387486.8895736,2395.2,4771.2,61603.2
1684387486.939495,2214.4,4697.6,61995.2
1684387486.9895084,2188.8,4593.6,62315.2
1684387487.0401602,2102.4,4518.4,62617.6
1684387487.0900068,2043.2,4598.4,62636.8
1684387487.1389666,1955.2,4731.2,62700.8
1684387487.1886187,1864.0,4696.0,62601.6
1684387487.2374823,2052.8,4764.8,62486.4
1684387487.2876937,1960.0,4820.8,62457.6
1684387487.3375013,1969.6,5022.4,62236.8
1684387487.387431,1926.4,4910.4,61966.4
1684387487.4374585,1921.6,4908.8,62024.0
1684387487.4876769,1833.6,4953.6,61987.2
1684387487.537483,1833.6,4974.4,61987.2
1684387487.587425,1830.4,4984.0,61936.0
1684387487.6375902,1908.8,5032.0,61937.6
1684387487.6874466,1907.2,5057.6,61980.8
1684387487.7375345,1908.8,5147.2,62019.2
1684387487.7874262,1873.6,5169.6,61995.2
1684387487.8375797,1875.2,5225.6,62006.4
1684387487.8874688,1966.4,5374.4,62070.4
1684387487.9395971,1915.2,5385.6,62057.6
1684387487.989493,1915.2,5584.0,62040.0
1684387488.0395243,1985.6,5481.6,61774.4
1684387488.0895681,2076.8,5467.2,61790.4
1684387488.1395514,2166.4,5518.4,61801.6
1684387488.1894774,2126.4,5388.8,62051.2
1684387488.2394674,2217.6,5393.6,61924.8
1684387488.2895632,2430.4,5404.8,61956.8
1684387488.3395343,2433.6,5337.6,62140.8
1684387488.3894882,2521.6,5345.6,61800.0
1684387488.4394908,2376.0,5494.4,61740.8
1684387488.4895577,2292.8,5467.2,61790.4
1684387488.5395842,2380.8,5764.8,61523.2
1684387488.5894804,2270.4,5753.6,61598.4
1684387488.6397412,2270.4,5656.0,61851.2
1684387488.6895306,2268.8,5456.0,61851.2
1684387488.739565,2267.2,5436.8,61862.4
1684387488.7894764,2272.0,5435.2,61921.6
1684387488.8394701,2384.0,5420.8,61980.8
1684387488.8894734,2384.0,5331.2,62318.4
1684387488.939542,2508.8,5419.2,62328.0
1684387488.9895086,2432.0,5486.4,62328.0
1684387489.039461,2428.8,5465.6,62278.4
1684387489.0895052,2392.0,5662.4,62008.0
1684387489.1396132,2388.8,5524.8,61944.0
1684387489.1894937,2390.4,5673.6,62123.2
1684387489.239474,2204.8,5524.8,62251.2
1684387489.289544,2203.2,5448.0,62204.8
1684387489.3397868,2203.2,5326.4,62401.6
1684387489.389605,2201.6,5318.4,62651.2
1684387489.4394858,2201.6,5318.4,62587.2
1684387489.489752,2326.4,5104.0,62593.6
1684387489.5395987,2328.0,5112.0,62580.8
1684387489.5895274,2363.2,5100.8,62632.0
1684387489.639801,2238.4,5036.8,62608.0
1684387489.6896112,2240.0,5001.6,62552.0
1684387489.7391975,2238.4,5030.4,62187.2
1684387489.7890792,2238.4,5019.2,62211.2
1684387489.8395064,2236.8,5083.2,62131.2
1684387489.889508,2145.6,4936.0,62118.4
1684387489.9395528,2056.0,4896.0,62168.0
1684387489.989475,2100.8,4736.0,62198.4
1684387490.0395105,2014.4,4628.8,62504.0
1684387490.0895169,1924.8,4624.0,62432.0
1684387490.139544,1929.6,4451.2,62408.0
1684387490.189486,1972.8,4505.6,62147.2
1684387490.239496,1883.2,4500.8,62243.2
1684387490.289461,1764.8,4576.0,62193.6
1684387490.3395703,1758.4,4633.6,61980.8
1684387490.389477,1672.0,4785.6,62347.2
1684387490.4395187,1673.6,4657.6,62419.2
1684387490.4894676,1667.2,4656.0,62408.0
1684387490.5395713,1579.2,4358.4,62723.2
1684387490.5894792,1574.4,4348.8,62745.6
1684387490.639778,1750.4,4536.0,62704.0
1684387490.6894896,1740.8,4523.2,62740.8
1684387490.7395942,1740.8,4616.0,62398.4
1684387490.7894824,1737.6,4774.4,62377.6
1684387490.8394744,1699.2,4900.8,62353.6
1684387490.8895278,1788.8,4966.4,61982.4
1684387490.9395318,1843.2,5052.8,61718.4
1684387490.9895048,1932.8,5108.8,61388.8
1684387491.0394652,2024.0,5398.4,61192.0
1684387491.089545,1936.0,5131.2,61451.2
1684387491.1395504,2027.2,5132.8,61540.8
1684387491.1895046,2136.0,5054.4,61449.6
1684387491.2394578,2214.4,5059.2,61340.8
1684387491.2894838,2316.8,5051.2,61358.4
1684387491.3395357,2340.8,4974.4,61358.4
1684387491.3897648,2340.8,4984.0,61419.2
1684387491.439523,2427.2,4990.4,61372.8
1684387491.4897234,2454.4,5011.2,61356.8
1684387491.5396218,2452.8,4982.4,61400.0
1684387491.5894854,2473.6,5262.4,61400.0
1684387491.6398947,2475.2,5270.4,61420.8
1684387491.6903796,2475.2,5460.8,61483.2
1684387491.7376132,2476.8,5355.2,61817.6
1684387491.7875905,2478.4,5324.8,61817.6
1684387491.837431,2480.0,5331.2,61867.2
1684387491.8876119,2568.0,5331.2,61852.8
1684387491.9374952,2568.0,5329.6,61723.2
1684387491.9875903,2636.8,5270.4,61710.4
1684387492.037423,2633.6,5312.0,61686.4
1684387492.087612,2820.8,5312.0,61662.4
1684387492.1374848,2932.8,5393.6,61688.0
1684387492.1874886,2844.8,5361.6,61940.8
1684387492.2374167,2900.8,5531.2,61955.2
1684387492.2874048,2806.4,5454.4,61953.6
1684387492.3374617,2993.6,5356.8,62060.8
1684387492.3874116,3083.2,5208.0,61998.4
1684387492.439486,3081.6,5198.4,62008.0
1684387492.4894714,3081.6,5267.2,62019.2
1684387492.5395682,3131.2,5240.0,61996.8
1684387492.5894754,3131.2,5251.2,61945.6
1684387492.6397462,3100.8,5104.0,61966.4
1684387492.689511,3100.8,5254.4,61771.2
1684387492.7395527,3099.2,5150.4,62049.6
1684387492.7894814,3222.4,5150.4,62064.0
1684387492.8396847,3235.2,5035.2,61987.2
1684387492.889604,3211.2,5121.6,62347.2
1684387492.9395611,3040.0,4968.0,62652.8
1684387492.9894772,2950.4,4883.2,62934.4
1684387493.0395021,2857.6,4764.8,63155.2
1684387493.0895054,2859.2,4764.8,63137.6
1684387493.13953,2768.0,4774.4,63075.2
1684387493.1894708,2782.4,4704.0,63153.6
1684387493.2394905,2697.6,4817.6,63072.0
1684387493.2894557,2593.6,4814.4,63052.8
1684387493.3395436,2556.8,4852.8,63001.6
1684387493.3894582,2558.4,4832.0,62952.0
1684387493.439488,2548.8,4974.4,63012.8
1684387493.489467,2403.2,4982.4,63009.6
1684387493.5395486,2403.2,5161.6,62952.0
1684387493.5894835,2348.8,4892.8,62915.2
1684387493.63976,2438.4,4864.0,62918.4
1684387493.689486,2436.8,4694.4,62918.4
1684387493.7395775,2435.2,4660.8,62891.2
1684387493.7894716,2432.0,4660.8,62883.2
1684387493.839464,2553.6,4555.2,62916.8
1684387493.8895314,2569.6,4668.8,62670.4
1684387493.939538,2659.2,4872.0,62563.2
1684387493.9895017,2545.6,5038.4,62600.0
1684387494.03946,2545.6,5096.0,62584.0
1684387494.0894945,2449.6,5353.6,62356.8
1684387494.1395388,2334.4,5246.4,62296.0
1684387494.189482,2420.8,5246.4,62308.8
1684387494.2394702,2462.4,5152.0,62001.6
1684387494.2894776,2550.4,5163.2,62011.2
1684387494.339667,2371.2,5161.6,62126.4
1684387494.3895376,2388.8,5140.8,62188.8
1684387494.4394765,2388.8,5152.0,62212.8
1684387494.4895618,2491.2,5192.0,62180.8
1684387494.5395706,2444.8,5259.2,62212.8
1684387494.589503,2448.0,5236.8,62249.6
1684387494.639735,2403.2,5337.6,62246.4
1684387494.6895318,2408.0,5219.2,62396.8
1684387494.7395318,2409.6,5348.8,62473.6
1684387494.7895234,2286.4,5200.0,62456.0
1684387494.8394666,2200.0,5209.6,62507.2
1684387494.8894665,2288.0,5073.6,62192.0
1684387494.9395375,2284.8,5064.0,62156.8
1684387494.9894733,2284.8,5060.8,62190.4
1684387495.0394936,2657.6,5048.0,62038.4
1684387495.0895789,2656.0,5068.8,62057.6
1684387495.1395857,2657.6,5056.0,62120.0
1684387495.1894684,2587.2,5086.4,62091.2
1684387495.2395217,2587.2,4958.4,62281.6
1684387495.289502,2601.6,5105.6,62334.4
1684387495.3395712,2603.2,5084.8,62409.6
1684387495.3894658,2603.2,5185.6,62408.0
1684387495.4394796,2614.4,5019.2,62166.4
1684387495.4894676,2609.6,4990.4,62182.4
1684387495.5395277,2724.8,4809.6,62236.8
1684387495.5894763,2811.2,4896.0,61977.6
1684387495.639753,2721.6,4884.8,61889.6
1684387495.689507,2723.2,4961.6,61886.4
1684387495.7395477,2724.8,5121.6,61704.0
1684387495.7894812,2726.4,5120.0,61627.2
1684387495.8394468,2688.0,5187.2,61620.8
1684387495.8894916,2582.4,5073.6,61817.6
1684387495.939519,2492.8,5049.6,62011.2
1684387495.9895074,2497.6,4913.6,62036.8
1684387496.039464,2499.2,4836.8,62033.6
1684387496.0898035,2464.0,4646.4,62033.6
1684387496.1400778,2465.6,4652.8,62096.0
1684387496.1896405,2380.8,4652.8,62094.4
1684387496.2391288,2337.6,4616.0,62150.4
1684387496.2890747,2249.6,4604.8,62211.2
1684387496.3395712,2243.2,4705.6,62115.2
1684387496.3899362,2356.8,4744.0,62088.0
1684387496.4395442,2358.4,4820.8,62088.0
1684387496.4896784,2265.6,5017.6,61908.8
1684387496.5396154,2265.6,5086.4,61884.8
1684387496.589526,2262.4,5209.6,61899.2
1684387496.6397002,2164.8,5068.8,61915.2
1684387496.689531,2244.8,5060.8,61928.0
1684387496.7395518,2251.2,5030.4,61840.0
1684387496.7894888,2254.4,5131.2,61841.6
1684387496.8394706,2342.4,5220.8,61697.6
1684387496.8894966,2353.6,5302.4,62024.0
1684387496.9395404,2441.6,5395.2,61780.8
1684387496.9895008,2443.2,5483.2,61729.6
1684387497.0394726,2257.6,5443.2,61580.8
1684387497.0895236,2262.4,5411.2,61619.2
1684387497.140373,2270.4,5619.2,61544.0
1684387497.190326,2219.2,5611.2,61561.6
1684387497.2389576,2401.6,5611.2,61472.0
1684387497.2883506,2390.4,5465.6,61446.4
1684387497.3384447,2392.0,5456.0,61446.4
1684387497.388537,2481.6,5355.2,61523.2
1684387497.4392097,2548.8,5446.4,61814.4
1684387497.4891386,2638.4,5523.2,61836.8
1684387497.5395877,2726.4,5772.8,61614.4
1684387497.589748,2641.6,5715.2,61860.8
1684387497.639304,2641.6,5712.0,61633.6
1684387497.6890817,2787.2,5868.8,61564.8
1684387497.739574,2787.2,5732.8,61707.2
1684387497.7895293,2798.4,5913.6,61792.0
1684387497.8397002,2715.2,5907.2,61798.4
1684387497.8895552,2715.2,5905.6,61875.2
1684387497.9395766,2713.6,5697.6,61790.4
1684387497.9894743,2708.8,5715.2,61816.0
1684387498.039506,2708.8,5718.4,61840.0
1684387498.089504,2776.0,5838.4,62169.6
1684387498.1395826,2683.2,5859.2,62153.6
1684387498.1894681,2795.2,6019.2,62142.4
1684387498.2394822,2740.8,6019.2,62395.2
1684387498.289452,2740.8,5987.2,62408.0
1684387498.3395479,2779.2,6075.2,62486.4
1684387498.3894713,2560.0,6067.2,62478.4
1684387498.4394844,2560.0,6099.2,62472.0
1684387498.4894652,2667.2,5868.8,62489.6
1684387498.5395107,2665.6,5782.4,62489.6
1684387498.5894709,2665.6,5660.8,62489.6
1684387498.6397371,2664.0,5691.2,62480.0
1684387498.6894858,2582.4,5678.4,62454.4
1684387498.739542,2689.6,5716.8,62526.4
1684387498.7894964,2686.4,5644.8,62468.8
1684387498.8394544,2633.6,5545.6,62614.4
1684387498.8895001,2470.4,5449.6,62534.4
1684387498.9395437,2382.4,5336.0,62748.8
1684387498.9894907,2380.8,5396.8,62812.8
1684387499.0394454,2281.6,5387.2,62824.0
1684387499.0895088,2278.4,5398.4,62748.8
1684387499.1395233,2344.0,5169.6,62819.2
1684387499.1894848,2340.8,5265.6,62843.2
1684387499.2394526,2156.8,5267.2,62881.6
1684387499.2897177,2155.2,5334.4,62876.8
1684387499.339733,2153.6,5412.8,62848.0
1684387499.3895297,2116.8,5572.8,62808.0
1684387499.4394732,1968.0,5529.6,62758.4
1684387499.4894488,1878.4,5444.8,62681.6
1684387499.5395415,1675.2,5356.8,62918.4
1684387499.589746,1673.6,5403.2,62619.2
1684387499.6397114,1993.6,5552.0,62664.0
1684387499.6894896,1851.2,5286.4,62692.8
1684387499.7395427,1939.2,5296.0,62486.4
1684387499.7894697,2040.0,5118.4,62368.0
1684387499.839451,2040.0,5036.8,62344.0
1684387499.8894494,2040.0,5035.2,62344.0
1684387499.9395084,2105.6,5193.6,62372.8
1684387499.9894643,2108.8,5203.2,62372.8
1684387500.0394933,2108.8,5408.0,62377.6
1684387500.0897467,2006.4,5241.6,62364.8
1684387500.1396935,2096.0,5201.6,62403.2
1684387500.1890864,1982.4,5158.4,62441.6
1684387500.2390654,1982.4,5129.6,62158.4
1684387500.2894814,2072.0,5227.2,61825.6
1684387500.3395722,2195.2,5030.4,61784.0
1684387500.3894713,2195.2,5028.8,61841.6
1684387500.439443,2379.2,4984.0,61572.8
1684387500.4895232,2352.0,4942.4,61692.8
1684387500.5395503,2358.4,4921.6,61729.6
1684387500.589506,2360.0,5030.4,61686.4
1684387500.6397216,2360.0,5030.4,61694.4
1684387500.6895158,2363.2,5030.4,61721.6
1684387500.7395353,2251.2,4915.2,61697.6
1684387500.7894843,2254.4,4876.8,61777.6
1684387500.839479,2310.4,4977.6,61484.8
1684387500.889489,2313.6,4936.0,61550.4
1684387500.939526,2312.0,4945.6,61558.4
1684387500.9898484,2406.4,4796.8,61574.4
1684387501.0391,2320.0,4710.4,61700.8
1684387501.0891762,2324.8,4704.0,61457.6
1684387501.1395652,2304.0,4921.6,61268.8
1684387501.1895025,2305.6,4804.8,61216.0
1684387501.2394545,2310.4,4896.0,61256.0
1684387501.290368,2400.0,4857.6,61243.2
1684387501.3393667,2400.0,4768.0,61262.4
1684387501.3893378,2350.4,4817.6,61108.8
1684387501.439119,2344.0,4798.4,61091.2
1684387501.4892597,2342.4,4884.8,61124.8
1684387501.5396214,2432.0,4696.0,61128.0
1684387501.5894907,2432.0,4620.8,61438.4
1684387501.6403704,2136.0,4505.6,61606.4
1684387501.6903305,2140.8,4548.8,61624.0
1684387501.7390747,2052.8,4537.6,61892.8
1684387501.788796,2084.8,4969.6,61985.6
1684387501.8385813,2083.2,4982.4,61851.2
1684387501.8885527,2083.2,5148.8,61774.4
1684387501.939633,2084.8,5051.2,61824.0
1684387501.9895103,2080.0,5012.8,61769.6
1684387502.039547,2080.0,4982.4,61756.8
1684387502.0896363,2065.6,4971.2,61732.8
1684387502.1395688,1977.6,5012.8,61657.6
1684387502.1894794,1977.6,4896.0,61688.0
1684387502.2394984,1976.0,4996.8,62004.8
1684387502.2894933,1884.8,4899.2,62291.2
1684387502.339569,1836.8,4939.2,62251.2
1684387502.3894622,1836.8,4920.0,62203.2
1684387502.439962,1868.8,4955.2,62478.4
1684387502.4894314,1779.2,4960.0,62492.8
1684387502.539284,1771.2,4961.6,62416.0
1684387502.5891275,1787.2,4883.2,62382.4
1684387502.6393628,1868.8,4950.4,62451.2
1684387502.6895032,1864.0,5113.6,62396.8
1684387502.7395618,1862.4,5187.2,62436.8
1684387502.7894952,1857.6,5294.4,62406.4
1684387502.8397882,1841.6,5158.4,62689.6
1684387502.8895385,1838.4,5283.2,62657.6
1684387502.939855,1841.6,5272.0,62723.2
1684387502.9891622,1880.0,5332.8,62716.8
1684387503.039094,1880.0,5312.0,62806.4
1684387503.0896235,1979.2,5481.6,63164.8
1684387503.139572,2014.4,5411.2,63052.8
1684387503.1897383,2016.0,5409.6,63086.4
1684387503.2395287,2120.0,5521.6,62926.4
1684387503.289512,2028.8,5494.4,62904.0
1684387503.3395505,2206.4,5729.6,62468.8
1684387503.3894715,2318.4,5513.6,62347.2
1684387503.4394534,2409.6,5526.4,62361.6
1684387503.4894533,2496.0,5448.0,62286.4
1684387503.539562,2412.8,5516.8,62329.6
1684387503.5895123,2419.2,5505.6,62337.6
1684387503.639653,2507.2,5724.8,62440.0
1684387503.6895187,2502.4,5742.4,62462.4
1684387503.739542,2577.6,5902.4,62390.4
1684387503.789506,2435.2,5499.2,62390.4
1684387503.839455,2440.0,5457.6,62548.8
1684387503.8894546,2446.4,5563.2,62625.6
1684387503.939509,2380.8,5540.8,62579.2
1684387503.9895062,2380.8,5550.4,62593.6
