Time,Right Hand Signal,Head Signal,Strain Gauge Signal
1684310776.7166646,1233.6,4720.0,62534.4
1684310776.766603,1153.6,4620.8,62560.0
1684310776.8165963,1153.6,4524.8,62582.4
1684310776.8666208,1233.6,4603.2,62304.0
1684310776.916671,1232.0,4611.2,62288.0
1684310776.9666264,1232.0,4504.0,62512.0
1684310777.016832,1302.4,4446.4,62494.4
1684310777.06687,1302.4,4262.4,62486.4
1684310777.1167543,1302.4,4208.0,62460.8
1684310777.1666543,1300.8,4187.2,62385.6
1684310777.2165875,1299.2,4235.2,62376.0
1684310777.2668486,1299.2,4286.4,62425.6
1684310777.3166776,1299.2,4206.4,62374.4
1684310777.3666286,1299.2,4244.8,62340.8
1684310777.4165816,1299.2,4216.0,62294.4
1684310777.4665976,1299.2,4246.4,62289.6
1684310777.5166533,1297.6,4150.4,62307.2
1684310777.566624,1299.2,4249.6,62152.0
1684310777.6165876,1132.8,4078.4,62510.4
1684310777.6665761,1126.4,4097.6,62531.2
1684310777.7166462,1123.2,4273.6,62531.2
1684310777.7665935,1043.2,4190.4,62576.0
1684310777.8165934,1049.6,4187.2,62646.4
1684310777.8665679,1046.4,4238.4,62646.4
1684310777.9166548,1044.8,4299.2,62353.6
1684310777.9665747,1124.8,4364.8,62028.8
1684310778.0165963,1124.8,4384.0,62051.2
1684310778.0666184,1209.6,4444.8,61784.0
1684310778.116683,1291.2,4531.2,61705.6
1684310778.1666114,1294.4,4352.0,61702.4
1684310778.216632,1377.6,4353.6,61680.0
1684310778.2667727,1459.2,4299.2,61726.4
1684310778.3166857,1377.6,4198.4,61990.4
1684310778.3666563,1379.2,4177.6,62017.6
1684310778.4165792,1384.0,4220.8,61984.0
1684310778.4666297,1376.0,4219.2,62025.6
1684310778.5166574,1379.2,4219.2,62064.0
1684310778.5665762,1377.6,4201.6,62032.0
1684310778.6165853,1382.4,4171.2,62115.2
1684310778.666592,1464.0,4340.8,61828.8
1684310778.716651,1465.6,4331.2,61892.8
1684310778.7669063,1465.6,4331.2,61864.0
1684310778.816607,1465.6,4233.6,61833.6
1684310778.866612,1387.2,4144.0,62132.8
1684310778.916642,1388.8,4132.8,62187.2
1684310778.9666197,1388.8,4126.4,62270.4
1684310779.0165787,1307.2,4104.0,62243.2
1684310779.0666451,1312.0,4124.8,62251.2
1684310779.1166573,1312.0,4155.2,62219.2
1684310779.1666183,1312.0,4155.2,62235.2
1684310779.2165961,1395.2,4116.8,61988.8
1684310779.2668052,1838.4,4008.0,61912.0
1684310779.316671,2446.4,4116.8,62004.8
1684310779.3673294,2972.8,4027.2,62043.2
1684310779.4175854,3488.0,4027.2,62131.2
1684310779.466002,4020.8,4147.2,62065.6
1684310779.5153553,4572.8,4291.2,62008.0
1684310779.5652578,5145.6,4192.0,62217.6
1684310779.61671,5708.8,4190.4,62300.8
1684310779.666867,6355.2,4212.8,62233.6
1684310779.7168002,6937.6,4028.8,62092.8
1684310779.7666397,7627.2,4040.0,62012.8
1684310779.8167782,8204.8,4001.6,61945.6
1684310779.866623,8776.0,3990.4,61859.2
1684310779.91671,9422.4,3900.8,62000.0
1684310779.966609,9902.4,3875.2,62150.4
1684310780.01671,10456.0,3803.2,62070.4
1684310780.0666337,10928.0,3803.2,62228.8
1684310780.116671,11400.0,3726.4,62104.0
1684310780.166611,11873.6,3702.4,62184.0
1684310780.2166147,12347.2,3670.4,61993.6
1684310780.2668118,12819.2,3697.6,61561.6
1684310780.3167138,13379.2,3737.6,61516.8
1684310780.3666008,13934.4,3716.8,61320.0
1684310780.4166224,14484.8,3688.0,61208.0
1684310780.4673803,15049.6,3640.0,61056.0
1684310780.517001,15694.4,3792.0,60888.0
1684310780.5656729,16257.6,3801.6,60755.2
1684310780.6156175,16806.4,3830.4,60531.2
1684310780.665712,17278.4,3761.6,60582.4
1684310780.7166526,17832.0,3939.2,60073.6
1684310780.76664,18473.6,4089.6,59632.0
1684310780.8165746,19025.6,4132.8,59169.6
1684310780.8665924,19665.6,4180.8,58528.0
1684310780.916622,20220.8,4145.6,58192.0
1684310780.9666257,20857.6,4187.2,57680.0
1684310781.016569,21579.2,4348.8,57107.2
1684310781.0666487,22200.0,4352.0,56760.0
1684310781.1166096,22745.6,4302.4,56464.0
1684310781.166654,23283.2,4424.0,56080.0
1684310781.2165682,23827.2,4414.4,55982.4
1684310781.2668343,23923.2,4393.6,55739.2
1684310781.3166244,23860.8,4355.2,55489.6
1684310781.3666568,23878.4,4345.6,55201.6
1684310781.4165826,23913.6,4344.0,54904.0
1684310781.4668708,23926.4,4240.0,54449.6
1684310781.5166535,23918.4,4099.2,54214.4
1684310781.566693,23889.6,4088.0,53840.0
1684310781.6166162,23867.2,4091.2,53529.6
1684310781.6665628,23761.6,4025.6,53297.6
1684310781.7166464,23721.6,4137.6,52838.4
1684310781.7667909,23574.4,4118.4,52524.8
1684310781.8166902,23524.8,4198.4,52241.6
1684310781.8665938,23489.6,4147.2,52006.4
1684310781.9166205,23376.0,4124.8,51846.4
1684310781.96665,23347.2,4065.6,51723.2
1684310782.0168877,23409.6,4030.4,51457.6
1684310782.0668871,23387.2,3910.4,51217.6
1684310782.11664,23448.0,3864.0,51059.2
1684310782.1666956,23428.8,3875.2,50916.8
1684310782.2166023,23406.4,3872.0,50776.0
1684310782.2668092,23387.2,4137.6,50830.4
1684310782.3166518,23358.4,5024.0,50584.0
1684310782.3666706,23336.0,6040.0,50456.0
1684310782.4165773,23315.2,7123.2,50326.4
1684310782.466572,23284.8,8299.2,50166.4
1684310782.516567,23188.8,9412.8,49953.6
1684310782.5666473,23168.0,10633.6,49748.8
1684310782.6166325,23160.0,11916.8,49646.4
1684310782.6666121,23232.0,13281.6,49547.2
1684310782.7166045,23220.8,14576.0,49673.6
1684310782.7666988,23121.6,15916.8,49880.0
1684310782.8165765,23115.2,17443.2,50081.6
1684310782.8665855,23017.6,18868.8,50409.6
1684310782.9165623,22998.4,20382.4,50459.2
1684310782.966678,22896.0,21648.0,50576.0
1684310783.016578,22699.2,22868.8,50886.4
1684310783.0666249,22616.0,24230.4,50876.8
1684310783.1165936,22608.0,25635.2,50888.0
1684310783.1666884,22609.6,26859.2,50982.4
1684310783.2165976,22521.6,28182.4,50969.6
1684310783.26685,22518.4,29590.4,50676.8
1684310783.316605,22516.8,30820.8,50620.8
1684310783.3666778,22508.8,32211.2,50579.2
1684310783.4165742,22496.0,33486.4,50468.8
1684310783.46661,22489.6,34651.2,50808.0
1684310783.5165768,22486.4,35816.0,50795.2
1684310783.566646,22478.4,36947.2,50851.2
1684310783.6166115,22563.2,38065.6,50713.6
1684310783.6665635,22568.0,38158.4,50705.6
1684310783.7165608,22571.2,38144.0,51043.2
1684310783.766616,22747.2,38214.4,50896.0
1684310783.8165731,22758.4,38252.8,50947.2
1684310783.8665574,22766.4,38344.0,51009.6
1684310783.9165866,22777.6,38438.4,50673.6
1684310783.9666204,22872.0,38432.0,50528.0
1684310784.0165992,22803.2,38448.0,50622.4
1684310784.066601,22889.6,38552.0,50448.0
1684310784.1165893,22902.4,38574.4,50220.8
1684310784.1666877,22908.8,38572.8,50312.0
1684310784.2167418,22912.0,38553.6,50288.0
1684310784.2667856,22920.0,38244.8,50385.6
1684310784.3165731,23009.6,37420.8,50228.8
1684310784.366644,23008.0,36427.2,50216.0
1684310784.41659,23014.4,35310.4,50225.6
1684310784.4665904,23035.2,34153.6,50292.8
1684310784.516557,23016.0,32889.6,50368.0
1684310784.566644,23008.0,31596.8,50425.6
1684310784.6165802,22996.8,30286.4,50449.6
1684310784.6668422,22905.6,28801.6,50478.4
1684310784.7166352,22899.2,27379.2,50582.4
1684310784.7666776,22894.4,25876.8,50547.2
1684310784.8168516,22881.6,24297.6,50470.4
1684310784.8666475,22953.6,22774.4,50363.2
1684310784.9166021,22952.0,21296.0,50376.0
1684310784.966695,22952.0,19995.2,50473.6
1684310785.0165892,22960.0,18664.0,50529.6
1684310785.066663,22950.4,17249.6,50515.2
1684310785.116587,22950.4,15875.2,50569.6
1684310785.166689,22945.6,14531.2,50620.8
1684310785.2169206,22945.6,13187.2,50608.0
1684310785.2668757,22942.4,11800.0,50809.6
1684310785.3166146,22936.0,10478.4,50740.8
1684310785.366696,22924.8,9147.2,50832.0
1684310785.4165747,23001.6,7942.4,50633.6
1684310785.4665992,22987.2,6721.6,50547.2
1684310785.5165825,22972.8,5510.4,50484.8
1684310785.5666597,23052.8,4478.4,50216.0
1684310785.6166437,22961.6,3329.6,50310.4
1684310785.6665652,22960.0,3212.8,50353.6
1684310785.7166007,22960.0,3113.6,50360.0
1684310785.766632,22795.2,3171.2,50649.6
1684310785.8166137,22816.0,3092.8,50918.4
1684310785.8665638,22841.6,3003.2,51123.2
1684310785.9165785,22849.6,2990.4,51720.0
1684310785.966625,22843.2,2976.0,52057.6
1684310786.0166519,23368.0,3076.8,52318.4
1684310786.0666463,22760.0,3000.0,52816.0
1684310786.1165988,22134.4,3105.6,53188.8
1684310786.166649,21592.0,3105.6,53480.0
1684310786.2173736,21054.4,3168.0,53780.8
1684310786.2662141,20512.0,3169.6,54011.2
1684310786.3159037,19889.6,3116.8,54451.2
1684310786.3655534,19438.4,3134.4,54492.8
1684310786.4154172,18899.2,3144.0,54787.2
1684310786.4669256,18344.0,3166.4,55108.8
1684310787.6711812,17812.8,3184.0,55396.8
1684310787.6740096,17358.4,3233.6,55392.0
1684310787.6767902,16902.4,3344.0,55643.2
1684310787.679468,16368.0,3384.0,55712.0
1684310787.6821237,15915.2,3344.0,55998.4
1684310787.6849139,15377.6,3376.0,56248.0
1684310787.6878595,14844.8,3416.0,56550.4
1684310787.690798,14227.2,3475.2,56772.8
1684310787.693774,13692.8,3467.2,56825.6
1684310787.6967146,13163.2,3564.8,57022.4
1684310787.6996472,12715.2,3504.0,57291.2
1684310787.7025878,12262.4,3523.2,57593.6
1684310787.7055259,11724.8,3512.0,57876.8
1684310787.7084565,11190.4,3499.2,58182.4
1684310787.7113798,10654.4,3507.2,58577.6
1684310787.7143402,10120.0,3496.0,58988.8
1684310787.717285,9582.4,3505.6,59033.6
1684310787.7202122,9064.0,3612.8,59304.0
1684310787.723142,8616.0,3814.4,59809.6
1684310787.7261338,8091.2,3814.4,60068.8
1684310787.7290945,7566.4,3849.6,60350.4
1684310787.7320774,6950.4,3748.8,60932.8
1684310787.735023,6416.0,3857.6,61214.4
1684310787.7379532,5872.0,3984.0,61441.6
1684310787.7408664,5326.4,4064.0,61227.2
1684310787.766161,4774.4,4016.0,61390.4
1684310787.8162842,4208.0,3985.6,61355.2
1684310787.8658762,3646.4,4094.4,61385.6
1684310787.915878,3096.0,4092.8,61406.4
1684310787.9666772,2475.2,4102.4,61468.8
1684310788.0166726,1404.8,4020.8,61502.4
1684310788.0667036,1393.6,4035.2,61472.0
1684310788.1166441,1392.0,3932.8,61609.6
1684310788.1667075,1393.6,3952.0,61593.6
1684310788.2166262,1395.2,3952.0,61595.2
1684310788.266904,1395.2,3961.6,61601.6
1684310788.3166292,1396.8,3963.2,61468.8
1684310788.3666775,1315.2,3944.0,61697.6
1684310788.416605,1313.6,4014.4,61676.8
1684310788.4666405,1395.2,4081.6,61360.0
1684310788.516598,1393.6,4102.4,61288.0
1684310788.566696,1313.6,4052.8,61600.0
1684310788.6166523,1238.4,3952.0,61651.2
1684310788.666649,1240.0,3931.2,61862.4
1684310788.7165997,1158.4,3873.6,61849.6
1684310788.766665,1158.4,3844.8,61862.4
1684310788.816592,1158.4,3884.8,61908.8
1684310788.8665998,1241.6,3888.0,62020.8
1684310788.9165776,1240.0,3896.0,62203.2
1684310788.9666758,1236.8,3857.6,62190.4
1684310789.0165846,1152.0,3960.0,61985.6
1684310789.0667052,1072.0,4068.8,62052.8
1684310789.1165864,1073.6,4078.4,62057.6
1684310789.1666973,1073.6,4179.2,61758.4
1684310789.2166572,1073.6,4169.6,61726.4
1684310789.2671862,1075.2,4182.4,61670.4
1684310789.3162327,1076.8,4184.0,61920.0
1684310789.3663454,1070.4,3996.8,61912.0
1684310789.4166143,910.4,3827.2,61996.8
1684310789.466651,910.4,3937.6,61742.4
1684310789.5165865,912.0,4044.8,61643.2
1684310789.5666797,990.4,4057.6,61628.8
1684310789.6166055,992.0,4078.4,61396.8
1684310789.6668272,996.8,4000.0,61401.6
1684310789.716808,1080.0,4019.2,61872.0
1684310789.7667794,1081.6,3939.2,61883.2
1684310789.8167658,1084.8,3939.2,61948.8
1684310789.8665977,1161.6,3862.4,62000.0
1684310789.9166017,1233.6,3806.4,61969.6
1684310789.9666595,1238.4,3795.2,62000.0
1684310790.0166218,1238.4,3787.2,62017.6
1684310790.0666242,1240.0,3795.2,62097.6
1684310790.1165888,1320.0,3801.6,62123.2
1684310790.1666543,1318.4,3804.8,62115.2
1684310790.2166219,1318.4,3782.4,62156.8
1684310790.270334,1398.4,3852.8,62196.8
1684310790.316722,1398.4,3852.8,62342.4
1684310790.3663173,1395.2,3953.6,62091.2
1684310790.416201,1396.8,3899.2,62041.6
1684310790.466624,1316.8,3809.6,62356.8
1684310790.5166247,1320.0,3788.8,62446.4
1684310790.5666714,1318.4,3809.6,62465.6
1684310790.6166253,1316.8,3798.4,62395.2
1684310790.666603,1396.8,3764.8,62409.6
1684310790.7166052,1395.2,3822.4,62382.4
1684310790.7666438,1395.2,3830.4,62432.0
1684310790.8166652,1476.8,3782.4,62377.6
1684310790.866592,1396.8,3760.0,62411.2
1684310790.9165676,1400.0,3819.2,62483.2
1684310790.9666638,1398.4,3900.8,62275.2
1684310791.0165825,1398.4,3808.0,62416.0
1684310791.0666327,1398.4,3710.4,62328.0
1684310791.1165838,1396.8,3712.0,62275.2
1684310791.1666677,1396.8,3633.6,62523.2
1684310791.2172549,1393.6,3620.8,62537.6
1684310791.2663705,1392.0,3630.4,62542.4
1684310791.3157074,1392.0,3604.8,62528.0
1684310791.3657656,1392.0,3656.0,62536.0
1684310791.4156516,1385.6,3553.6,62536.0
1684310791.4669006,1385.6,3582.4,62624.0
1684310791.5166805,1465.6,3484.8,62708.8
1684310791.5667164,1387.2,3544.0,62708.8
1684310791.6166058,1387.2,3452.8,63000.0
1684310791.6667466,1384.0,3542.4,62753.6
1684310791.7167153,1300.8,3532.8,62740.8
1684310791.766693,1299.2,3542.4,62718.4
1684310791.8166096,1297.6,3553.6,62619.2
1684310791.8665938,1214.4,3496.0,62555.2
1684310791.9165459,1222.4,3593.6,62275.2
1684310791.9666605,1219.2,3683.2,62208.0
1684310792.0167959,1217.6,3729.6,62108.8
1684310792.0669878,1225.6,3697.6,62108.8
1684310792.1161907,1147.2,3752.0,62147.2
1684310792.1662772,1147.2,3761.6,61851.2
1684310792.216579,1147.2,3862.4,61798.4
1684310792.2674685,1072.0,3793.6,61779.2
1684310792.3174567,1070.4,3784.0,61822.4
1684310792.3669317,1158.4,3822.4,62140.8
1684310792.4156375,1160.0,3878.4,62124.8
1684310792.4656017,1160.0,3878.4,62110.4
1684310792.5165615,1718.4,3902.4,61776.0
1684310792.5666323,2510.4,3934.4,61739.2
1684310792.6165862,3377.6,4024.0,61363.2
1684310792.666532,3886.4,4097.6,61363.2
1684310792.716572,4537.6,4080.0,61403.2
1684310792.7666206,5126.4,4251.2,61438.4
1684310792.8165421,5635.2,4249.6,61484.8
1684310792.8665578,6208.0,4248.0,61521.6
1684310792.9165578,6814.4,4192.0,61484.8
1684310792.9666002,7403.2,4091.2,61798.4
1684310793.0165796,8081.6,4097.6,61872.0
1684310793.0665996,8689.6,4057.6,61860.8
1684310793.1165717,9262.4,4065.6,61793.6
1684310793.16662,9824.0,4035.2,61686.4
1684310793.216537,10385.6,4078.4,61560.0
1684310793.266953,10945.6,4056.0,61393.6
1684310793.3165932,11507.2,4241.6,61224.0
1684310793.3667233,12067.2,4232.0,60998.4
1684310793.416548,12627.2,4312.0,60980.8
1684310793.4666266,13211.2,4193.6,61097.6
1684310793.516542,13689.6,4193.6,61076.8
1684310793.5666494,14246.4,4192.0,61017.6
1684310793.6165411,14806.4,4203.2,60825.6
1684310793.6665552,15366.4,4132.8,60916.8
1684310793.7165403,16008.0,4124.8,60475.2
1684310793.7666433,16572.8,4184.0,60337.6
1684310793.8165975,17132.8,4203.2,60308.8
1684310793.8665352,17692.8,4366.4,60115.2
1684310793.9165502,18172.8,4355.2,60193.6
1684310793.9666042,18723.2,4374.4,60004.8
1684310794.016587,19276.8,4436.8,59897.6
1684310794.066593,19819.2,4508.8,59556.8
1684310794.1165755,20371.2,4457.6,59278.4
1684310794.1666446,20923.2,4416.0,59240.0
1684310794.216585,21475.2,4336.0,58998.4
1684310794.2669053,22104.0,4296.0,58808.0
1684310794.3167412,22660.8,4265.6,58417.6
1684310794.3666294,23120.0,4081.6,58105.6
1684310794.416638,23742.4,4024.0,57672.0
1684310794.4665875,24284.8,4003.2,57353.6
1684310794.516595,24267.2,3971.2,57382.4
1684310794.5666242,24019.2,3920.0,57075.2
1684310794.6165898,23696.0,3819.2,57177.6
1684310794.6690063,23651.2,3779.2,56966.4
1684310794.716943,23550.4,3756.8,56600.0
1684310794.7662802,23505.6,3576.0,56219.2
1684310794.8163533,23460.8,3558.4,55980.8
1684310794.8662815,23432.0,3579.2,55636.8
1684310794.9165652,23368.0,3534.4,55529.6
1684310794.9666786,23404.8,3593.6,54844.8
1684310795.016573,23272.0,3891.2,54505.6
1684310795.0666242,23208.0,4008.0,54020.8
1684310795.116562,23180.8,4062.4,53926.4
1684310795.1666782,23236.8,4152.0,53619.2
1684310795.2165694,23400.0,4222.4,53112.0
1684310795.2665615,23374.4,4302.4,52819.2
1684310795.3170664,23345.6,4153.6,52707.2
1684310795.366982,23318.4,4121.6,52625.6
1684310795.4166524,23369.6,4123.2,52302.4
1684310795.4666078,23401.6,4094.4,52044.8
1684310795.5165925,23489.6,4204.8,51518.4
1684310795.566673,23476.8,4110.4,51345.6
1684310795.616619,23457.6,4238.4,51270.4
1684310795.6665576,23441.6,5187.2,51140.8
1684310795.7165613,23342.4,6204.8,51268.8
1684310795.766624,23321.6,7148.8,51184.0
1684310795.8165655,23324.8,8329.6,51006.4
1684310795.866564,23305.6,9411.2,50974.4
1684310795.916569,23364.8,10625.6,50884.8
1684310795.9666028,23363.2,11880.0,50785.6
1684310796.0165818,23352.0,13153.6,50777.6
1684310796.0666006,23424.0,14604.8,50531.2
1684310796.1165757,23412.8,16004.8,50520.0
1684310796.166635,23401.6,17468.8,50526.4
1684310796.216531,23387.2,18840.0,50491.2
1684310796.2665615,23296.0,20001.6,50441.6
1684310796.316826,23273.6,21052.8,50528.0
1684310796.3666375,23265.6,22180.8,50486.4
1684310796.4165554,23174.4,23328.0,50609.6
1684310796.4668515,23166.4,24462.4,50636.8
1684310796.5166163,23156.8,25532.8,50611.2
1684310796.5667517,23145.6,26611.2,50622.4
1684310796.6165698,23144.0,27638.4,50587.2
1684310796.6665645,23134.4,28564.8,50513.6
1684310796.7165508,23116.8,29065.6,50585.6
1684310796.766636,23107.2,29224.0,50681.6
1684310796.8165958,23096.0,29232.0,50622.4
1684310796.8665547,23084.8,29222.4,50616.0
1684310796.9165447,23073.6,29244.8,50422.4
1684310796.966617,22980.8,29243.2,50795.2
1684310797.0167706,22972.8,28937.6,50817.6
1684310797.0668423,22968.0,28940.8,50996.8
1684310797.1165915,22956.8,28832.0,50966.4
1684310797.166669,22956.8,28852.8,50809.6
1684310797.2165635,22777.6,28744.0,51126.4
1684310797.2665727,22779.2,28635.2,51329.6
1684310797.3168564,22780.8,28604.8,51307.2
1684310797.3667214,22787.2,28648.0,51236.8
1684310797.416565,22782.4,28577.6,51235.2
1684310797.4665756,22704.0,28576.0,51236.8
1684310797.5165713,22593.6,28505.6,51508.8
1684310797.5666645,22598.4,28523.2,51427.2
1684310797.6165698,22593.6,28435.2,51360.0
1684310797.66663,22592.0,27444.8,51366.4
1684310797.7165668,22587.2,26427.2,51350.4
1684310797.7666426,22585.6,25392.0,51273.6
1684310797.816556,22568.0,24180.8,51275.2
1684310797.8665378,22577.6,22950.4,51163.2
1684310797.91655,22502.4,21625.6,51214.4
1684310797.9665926,22496.0,20273.6,51235.2
1684310798.0165849,22480.0,18921.6,51148.8
1684310798.066588,22388.8,17491.2,51462.4
1684310798.1165745,22460.8,16158.4,51144.0
1684310798.1666296,22529.6,14854.4,50867.2
1684310798.2169187,22524.8,13454.4,50897.6
1684310798.266623,22601.6,12422.4,50572.8
1684310798.3168244,22603.2,11460.8,50689.6
1684310798.366663,22603.2,10428.8,50985.6
1684310798.4165866,22603.2,9268.8,51320.0
1684310798.466595,22702.4,8168.0,51518.4
1684310798.5165772,22803.2,7081.6,51782.4
1684310798.5666523,22296.0,6043.2,52084.8
1684310798.616587,21760.0,5049.6,52440.0
1684310798.6665726,21302.4,4116.8,52729.6
1684310798.716547,20774.4,3648.0,52963.2
1684310798.7666426,20241.6,3499.2,53251.2
1684310798.8165543,19712.0,3649.6,53569.6
1684310798.866569,19177.6,3636.8,53870.4
1684310798.9165325,18648.0,3656.0,54208.0
1684310798.9666612,18115.2,3560.0,54324.8
1684310799.016552,17579.2,3563.2,54635.2
1684310799.0665972,17043.2,3472.0,54990.4
1684310799.116567,16508.8,3481.6,55257.6
1684310799.748949,15896.0,3348.8,55854.4
1684310799.7529933,15352.0,3456.0,56188.8
1684310799.7564447,14817.6,3454.4,56464.0
1684310799.7598257,14280.0,3779.2,56777.6
1684310799.7632582,13740.8,3715.2,57128.0
1684310799.7666094,13137.6,3664.0,57444.8
1684310799.7699463,12600.0,3641.6,57780.8
1684310799.773321,12145.6,3561.6,58105.6
1684310799.7766562,11595.2,3630.4,58486.4
1684310799.779988,11059.2,3528.0,58812.8
1684310799.783363,10515.2,3640.0,58804.8
1684310799.787103,9977.6,3569.6,59100.8
1684310799.7907093,9436.8,3601.6,59481.6
1684310799.8166432,8891.2,3611.2,59699.2
1684310799.8656285,8340.8,3668.8,59998.4
1684310799.9155934,7796.8,3705.6,60299.2
1684310799.9667203,7254.4,3694.4,60553.6
1684310800.0166006,6729.6,3673.6,60859.2
1684310800.066626,6272.0,3694.4,60814.4
1684310800.1165576,5657.6,3729.6,61360.0
1684310800.166707,5046.4,3580.8,61952.0
1684310800.21658,4513.6,3588.8,62222.4
1684310800.2665927,3896.0,3537.6,62779.2
1684310800.3196142,3361.6,3478.4,62876.8
1684310800.3668613,2990.4,3417.6,62897.6
1684310800.415901,2457.6,3403.2,62872.0
1684310800.4659405,1822.4,3401.6,62977.6
1684310800.5165973,1187.2,3396.8,62963.2
1684310800.5666928,1161.6,3486.4,62958.4
1684310800.6165767,1155.2,3544.0,62803.2
1684310800.6667564,1076.8,3643.2,62564.8
1684310800.716583,1072.0,3649.6,62625.6
1684310800.7666814,1070.4,3820.8,62379.2
1684310800.816573,1067.2,3670.4,62384.0
1684310800.866568,1073.6,3672.0,62401.6
1684310800.9165542,1068.8,3744.0,62396.8
1684310800.9666493,1153.6,3840.0,62300.8
1684310801.0165749,1236.8,3918.4,61953.6
1684310801.0666265,1318.4,3899.2,61913.6
1684310801.116552,1401.6,4022.4,61664.0
1684310801.1666255,1561.6,4142.4,61254.4
1684310801.2165706,1646.4,4038.4,61152.0
1684310801.2665462,1726.4,4073.6,61088.0
1684310801.3168702,1809.6,3828.8,61139.2
1684310801.3666553,1811.2,3891.2,61156.8
1684310801.41661,1811.2,3931.2,61187.2
1684310801.4668565,1891.2,4054.4,61158.4
1684310801.51679,1809.6,4094.4,61136.0
1684310801.566279,1891.2,4214.4,61096.0
1684310801.6162593,1896.0,4259.2,61121.6
1684310801.6665838,1897.6,4169.6,61457.6
1684310801.7167037,1899.2,4113.6,61438.4
1684310801.766812,1897.6,4113.6,61459.2
1684310801.8166692,1896.0,4092.8,61491.2
1684310801.8665838,1894.4,4233.6,61593.6
1684310801.9165804,1892.8,4238.4,61585.6
1684310801.9666526,1891.2,4300.8,61582.4
1684310802.0168173,1966.4,4411.2,61288.0
1684310802.0668743,1889.6,4308.8,61526.4
1684310802.1165743,1971.2,4276.8,61558.4
1684310802.166657,1971.2,4286.4,61502.4
1684310802.216537,1969.6,4368.0,61590.4
1684310802.2665656,2049.6,4409.6,61352.0
1684310802.31688,2048.0,4504.0,61436.8
1684310802.366661,1883.2,4513.6,61454.4
1684310802.4165645,1881.6,4560.0,61435.2
1684310802.466579,1881.6,4537.6,61374.4
1684310802.516583,1884.8,4577.6,61448.0
1684310802.5666687,1886.4,4601.6,61464.0
1684310802.6165369,1886.4,4512.0,61564.8
1684310802.6665692,1888.0,4440.0,61811.2
1684310802.7165694,1886.4,4420.8,61748.8
1684310802.7666516,1888.0,4339.2,61961.6
1684310802.8165824,1966.4,4488.0,61646.4
1684310802.86657,1960.0,4539.2,61604.8
1684310802.9165442,1960.0,4436.8,61609.6
1684310802.9666035,1876.8,4460.8,61702.4
1684310803.0165431,1792.0,4371.2,62025.6
1684310803.066609,1710.4,4364.8,62068.8
1684310803.1165557,1628.8,4267.2,62264.0
1684310803.166615,1464.0,4219.2,62636.8
1684310803.2166584,1382.4,4264.0,62715.2
1684310803.2665586,1302.4,4272.0,62736.0
1684310803.3169904,1220.8,4300.8,62681.6
1684310803.3662717,1219.2,4280.0,62622.4
1684310803.4162326,1217.6,4350.4,62633.6
1684310803.466631,1139.2,4500.8,62708.8
1684310803.516584,1137.6,4593.6,62611.2
1684310803.5666425,1059.2,4465.6,62612.8
1684310803.616587,1054.4,4472.0,62612.8
1684310803.6666784,1137.6,4641.6,62310.4
1684310803.7165847,1136.0,4744.0,62312.0
1684310803.7666407,1136.0,4763.2,61988.8
1684310803.8165524,1136.0,4894.4,62008.0
1684310803.8665454,1448.0,4816.0,61816.0
1684310803.9165387,1616.0,4856.0,61411.2
1684310803.9666173,1617.6,4865.6,61427.2
1684310804.0165622,1624.0,4835.2,61395.2
1684310804.0665905,1705.6,4968.0,61054.4
1684310804.1165438,1704.0,4904.0,60993.6
1684310804.1667464,1705.6,4894.4,61011.2
1684310804.217229,1707.2,4816.0,60971.2
1684310804.2668633,1625.6,4745.6,61211.2
1684310804.314751,1625.6,4638.4,61107.2
1684310804.364616,1625.6,4619.2,61124.8
1684310804.4145195,1705.6,4617.6,61110.4
1684310804.464531,1707.2,4707.2,61153.6
1684310804.5144866,1705.6,4699.2,61068.8
1684310804.5645483,1705.6,4574.4,60995.2
1684310804.6145093,1705.6,4625.6,61073.6
1684310804.6646607,1704.0,4606.4,60856.0
1684310804.7145479,1704.0,4606.4,60800.0
1684310804.7645779,1702.4,4520.0,60832.0
1684310804.8146358,1707.2,4371.2,61128.0
1684310804.8645067,1707.2,4320.0,61145.6
1684310804.9144957,1707.2,4315.2,61102.4
1684310804.9645486,1948.8,4212.8,61184.0
1684310805.0165622,1953.6,4224.0,61190.4
1684310805.0665793,1952.0,4270.4,61150.4
1684310805.1165936,1950.4,4280.0,61164.8
1684310805.1666317,1956.8,4270.4,61188.8
1684310805.2166374,1953.6,4251.2,61144.0
1684310805.266544,1953.6,4299.2,61219.2
1684310805.31767,1955.2,4230.4,61025.6
1684310805.3664143,1955.2,4228.8,61065.6
1684310805.416237,1953.6,4160.0,61016.0
1684310805.4661481,1952.0,3929.6,61016.0
1684310805.5162263,1952.0,3836.8,61158.4
1684310805.5666814,1952.0,3747.2,61188.8
1684310805.618129,1950.4,3750.4,61070.4
1684310805.6662047,1865.6,3569.6,61305.6
1684310805.7159302,1865.6,3534.4,61369.6
1684310805.765972,1864.0,3502.4,61688.0
1684310805.8158867,1865.6,3475.2,61692.8
1684310805.8669531,1636.8,3400.0,61798.4
1684310805.9169185,1552.0,3513.6,61964.8
1684310805.966348,1552.0,3462.4,61976.0
1684310806.0162022,1468.8,3382.4,62299.2
1684310806.0667012,1388.8,3329.6,62716.8
1684310806.1165817,1310.4,3328.0,62723.2
1684310806.1666455,1308.8,3326.4,62785.6
1684310806.2165668,1307.2,3304.0,62769.6
1684310806.2665977,1308.8,3302.4,62817.6
1684310806.3168204,1390.4,3398.4,62619.2
1684310806.3666942,1473.6,3443.2,62342.4
1684310806.4166481,1470.4,3412.8,62390.4
1684310806.4668577,1470.4,3467.2,62411.2
1684310806.5166159,1552.0,3540.8,62214.4
1684310806.5666986,1720.0,3542.4,62252.8
1684310806.6165726,1720.0,3512.0,62172.8
1684310806.6667826,1723.2,3510.4,62456.0
1684310806.7165763,1804.8,3697.6,62300.8
1684310806.7666771,1809.6,3694.4,62289.6
1684310806.816568,1808.0,3694.4,62257.6
1684310806.8665936,1809.6,3649.6,62265.6
1684310806.9165483,1811.2,3696.0,62275.2
1684310806.966646,1648.0,3696.0,62400.0
1684310807.0168436,1643.2,3785.6,62224.0
1684310807.0669048,1641.6,3764.8,62209.6
1684310807.116579,1648.0,3915.2,62257.6
1684310807.1666422,1643.2,3915.2,62288.0
1684310807.2165542,1643.2,3915.2,62336.0
1684310807.266561,1641.6,3876.8,62292.8
1684310807.3168116,1640.0,3865.6,62555.2
1684310807.366651,1643.2,3944.0,62584.0
1684310807.416572,1643.2,3931.2,62609.6
1684310807.4665701,1643.2,3939.2,62609.6
1684310807.5165787,1644.8,3904.0,62537.6
1684310807.566612,1643.2,3971.2,62518.4
1684310807.6167014,1643.2,3958.4,62574.4
1684310807.6665492,1643.2,4089.6,62478.4
1684310807.7165453,1643.2,4097.6,62385.6
1684310807.7666135,1644.8,4148.8,62392.0
1684310807.8165524,1643.2,4086.4,62422.4
1684310807.8665397,1561.6,4062.4,62488.0
1684310807.9165814,1480.0,3968.0,62728.0
1684310807.9665961,1478.4,3961.6,62700.8
1684310808.0165808,1478.4,4011.2,62683.2
1684310808.0666547,1481.6,3900.8,62664.0
1684310808.116579,1480.0,3908.8,62700.8
1684310808.1666179,1478.4,3897.6,62633.6
1684310808.2165844,1478.4,3948.8,62624.0
1684310808.266523,1476.8,3939.2,62553.6
1684310808.3168237,1395.2,3904.0,62785.6
1684310808.3666337,1312.0,4000.0,62822.4
1684310808.4165616,1235.2,4009.6,62782.4
1684310808.4665968,1233.6,3886.4,62782.4
1684310808.5165622,1150.4,3787.2,63000.0
1684310808.5666115,980.8,3865.6,62992.0
1684310808.616583,987.2,3854.4,63006.4
1684310808.6665509,985.6,3854.4,62931.2
1684310808.7165446,904.0,3632.0,63180.8
1684310808.7666013,979.2,3646.4,63044.8
1684310808.8165963,896.0,3644.8,63043.2
1684310808.8665795,894.4,3678.4,63086.4
1684310808.916546,892.8,3668.8,63020.8
1684310808.966663,812.8,3726.4,63020.8
1684310809.0165434,814.4,3654.4,63204.8
1684310809.0666723,814.4,3755.2,63076.8
1684310809.1165593,809.6,3606.4,63068.8
1684310809.166656,811.2,3665.6,62782.4
1684310809.216557,809.6,3785.6,62795.2
1684310809.2665539,809.6,3854.4,62790.4
1684310809.3168342,809.6,3856.0,62817.6
1684310809.3666945,891.2,3744.0,62720.0
1684310809.4165788,976.0,3844.8,62456.0
1684310809.4665823,1142.4,3918.4,62051.2
1684310809.5165598,1140.8,3953.6,62075.2
1684310809.5666146,1220.8,3953.6,62092.8
1684310809.616587,1299.2,4006.4,62107.2
1684310809.6668885,1299.2,3905.6,62222.4
1684310809.7167501,1300.8,3875.2,62249.6
1684310809.7666593,1305.6,3875.2,62249.6
1684310809.8168368,1305.6,3844.8,62180.8
1684310809.866562,1382.4,3916.8,62193.6
1684310809.916578,1385.6,3816.0,62188.8
1684310809.9666238,1385.6,3822.4,62225.6
1684310810.0166006,1465.6,3844.8,62206.4
1684310810.0666592,1460.8,3886.4,62177.6
1684310810.1165757,1460.8,3864.0,62220.8
1684310810.1666133,1550.4,4017.6,62043.2
1684310810.2165766,1550.4,4006.4,62105.6
1684310810.2665353,1552.0,4004.8,62136.0
1684310810.3168106,1553.6,3979.2,61908.8
1684310810.366635,1553.6,3846.4,62150.4
1684310810.4165707,1558.4,3926.4,62206.4
1684310810.466562,1558.4,3918.4,62169.6
1684310810.5165346,1558.4,3992.0,62188.8
1684310810.56667,1638.4,3912.0,62228.8
1684310810.6165812,1632.0,3913.6,62209.6
1684310810.6674767,1630.4,3995.2,62284.8
1684310810.715693,1630.4,3990.4,62276.8
1684310810.765732,1550.4,3979.2,62329.6
1684310810.8151677,1632.0,4000.0,62102.4
1684310810.865384,1632.0,4032.0,62147.2
1684310810.914751,1633.6,4019.2,61913.6
1684310810.9645927,1635.2,3972.8,61913.6
1684310811.014503,1640.0,3953.6,61612.8
1684310811.0645752,1721.6,3971.2,61763.2
1684310811.1144993,1726.4,4062.4,61771.2
1684310811.164551,1726.4,3984.0,61785.6
1684310811.214499,1731.2,3835.2,61793.6
1684310811.2644837,1731.2,3756.8,61841.6
1684310811.314662,1731.2,3755.2,61444.8
1684310811.3645632,1646.4,3760.0,61334.4
1684310811.4144955,1561.6,3681.6,61606.4
1684310811.4657536,1395.2,3588.8,61982.4
1684310811.5165346,1395.2,3608.0,62011.2
1684310811.5666604,1315.2,3784.0,61984.0
1684310811.6150734,1238.4,3859.2,62000.0
1684310811.6652105,1238.4,3840.0,61940.8
1684310811.7151496,1236.8,4059.2,61920.0
1684310811.7647328,1312.0,4009.6,61920.0
1684310811.8145506,1312.0,4009.6,61988.8
1684310811.8645394,1235.2,3977.6,61996.8
1684310811.914493,1232.0,3992.0,61955.2
1684310811.9645474,1232.0,3982.4,61984.0
1684310812.014686,1153.6,3950.4,62043.2
1684310812.0646894,1153.6,4038.4,62086.4
1684310812.1145034,1153.6,4038.4,61966.4
1684310812.1645608,1065.6,3928.0,62132.8
1684310812.2145002,1065.6,4001.6,62136.0
1684310812.2644837,1064.0,4054.4,62176.0
1684310812.3169475,1068.8,4051.2,62433.6
1684310812.3665688,1075.2,4168.0,62083.2
1684310812.415161,1070.4,4089.6,62076.8
1684310812.4651463,1150.4,4089.6,61779.2
1684310812.515501,1150.4,4059.2,61476.8
1684310812.5647402,1072.0,4024.0,61185.6
1684310812.6145093,1072.0,4012.8,61184.0
1684310812.6645603,1072.0,3980.8,61132.8
1684310812.71449,1072.0,4129.6,61147.2
1684310812.764543,1072.0,4222.4,61238.4
1684310812.814495,992.0,4320.0,61534.4
1684310812.864487,992.0,4300.8,61462.4
1684310812.9144766,990.4,4443.2,61795.2
1684310812.9645278,995.2,4452.8,61795.2
1684310813.0144846,988.8,4456.0,62044.8
1684310813.0645428,907.2,4348.8,62040.0
1684310813.1158643,984.0,4267.2,62052.8
1684310813.1658995,1065.6,4276.8,62288.0
1684310813.2159512,1065.6,4352.0,62281.6
1684310813.2665546,1065.6,4371.2,62195.2
1684310813.3168147,1064.0,4372.8,62518.4
1684310813.3666332,1064.0,4435.2,62689.6
1684310813.4166021,1064.0,4424.0,62649.6
1684310813.4665837,1139.2,4563.2,62480.0
1684310813.5165935,1139.2,4544.0,62417.6
1684310813.5666273,1140.8,4446.4,62454.4
1684310813.616585,1139.2,4318.4,62486.4
1684310813.6665437,1139.2,4318.4,62593.6
1684310813.716528,1142.4,4120.0,62636.8
1684310813.7665987,1060.8,4131.2,62571.2
1684310813.8165507,1060.8,4131.2,62512.0
1684310813.8665376,1140.8,4060.8,62198.4
1684310813.9165518,1139.2,4078.4,62209.6
1684310813.966585,1139.2,4076.8,62192.0
1684310814.016545,1137.6,4067.2,62092.8
1684310814.0668008,1136.0,3969.6,62025.6
1684310814.116559,1137.6,4059.2,62163.2
1684310814.1666663,1219.2,4128.0,61912.0
1684310814.2165616,1219.2,4096.0,61836.8
1684310814.2665443,1225.6,4046.4,61825.6
1684310814.3168232,1300.8,4028.8,61840.0
1684310814.3666563,1294.4,3934.4,62118.4
1684310814.4166057,1299.2,3904.0,62182.4
1684310814.4665866,1219.2,3892.8,62443.2
1684310814.516567,1219.2,3832.0,62792.0
1684310814.5666323,1296.0,3886.4,63043.2
1684310814.616573,1296.0,3896.0,63052.8
1684310814.6668725,1297.6,3985.6,62748.8
1684310814.7166588,1297.6,3966.4,62464.0
1684310814.7666562,1297.6,3940.8,62468.8
1684310814.8168561,1380.8,3824.0,62382.4
1684310814.866579,1380.8,3822.4,62452.8
1684310814.9165494,1380.8,3681.6,62355.2
1684310814.9666302,1377.6,3750.4,62355.2
1684310815.0165534,1377.6,3745.6,62424.0
1684310815.0666554,1379.2,3708.8,62427.2
1684310815.1165445,1374.4,3710.4,62358.4
1684310815.1666625,1289.6,3788.8,62068.8
1684310815.2165635,1286.4,3841.6,61977.6
1684310815.2665668,1286.4,3910.4,61812.8
1684310815.316818,1291.2,3929.6,61886.4
1684310815.366708,1374.4,3899.2,61862.4
1684310815.416568,1457.6,4027.2,61665.6
1684310815.4665682,1465.6,3987.2,61555.2
1684310815.5165422,1472.0,3985.6,61635.2
1684310815.566607,1553.6,3968.0,61635.2
1684310815.6165676,1636.8,3971.2,61569.6
1684310815.666605,1643.2,3969.6,61569.6
1684310815.7165775,1640.0,3908.8,61531.2
1684310815.766627,1643.2,3908.8,61596.8
1684310815.8165877,1723.2,3918.4,61540.8
1684310815.866581,1643.2,3971.2,61841.6
1684310815.9165568,1644.8,3950.4,61883.2
1684310815.9665968,1644.8,4054.4,61939.2
1684310816.0165803,1644.8,4043.2,62032.0
1684310816.0666416,1648.0,4152.0,62070.4
1684310816.1165938,1646.4,4084.8,62060.8
1684310816.166592,1564.8,3985.6,62326.4
1684310816.2165353,1571.2,3964.8,62400.0
1684310816.2665572,1564.8,3944.0,62387.2
1684310816.3168056,1483.2,3940.8,62340.8
1684310816.3666217,1561.6,3910.4,62326.4
1684310816.416585,1556.8,3952.0,62318.4
1684310816.4668045,1556.8,3961.6,62340.8
1684310816.516677,1638.4,3982.4,62267.2
1684310816.5666409,1560.0,3955.2,62323.2
1684310816.6165855,1561.6,3993.6,62382.4
1684310816.666586,1560.0,3875.2,62737.6
1684310816.7165911,1560.0,3784.0,62976.0
1684310816.7666066,1560.0,3724.8,62896.0
1684310816.8165545,1475.2,3724.8,62883.2
1684310816.8665628,1475.2,3774.4,62884.8
1684310816.9165373,1552.0,3766.4,62681.6
1684310816.966611,1548.8,3688.0,62612.8
1684310817.0168915,1548.8,3729.6,62588.8
1684310817.0671496,1548.8,3776.0,62598.4
1684310817.116628,1470.4,3764.8,62608.0
1684310817.1667116,1470.4,3664.0,62892.8
1684310817.2165506,1470.4,3595.2,62902.4
1684310817.266583,1470.4,3556.8,63094.4
1684310817.316775,1467.2,3556.8,63094.4
1684310817.3666599,1384.0,3555.2,63152.0
1684310817.4165719,1300.8,3526.4,63355.2
1684310817.4665475,1217.6,3436.8,63582.4
1684310817.5165641,1211.2,3480.0,63537.6
1684310817.5665917,1126.4,3387.2,63496.0
1684310817.6165822,1124.8,3398.4,63225.6
1684310817.6665394,1118.4,3387.2,63148.8
1684310817.7165282,1118.4,3448.0,63147.2
1684310817.7665825,1115.2,3436.8,63147.2
1684310817.8166142,1035.2,3603.2,63256.0
1684310817.8665462,1035.2,3611.2,63268.8
1684310817.9165344,1033.6,3662.4,63166.4
1684310817.9665835,1033.6,3580.8,63166.4
1684310818.0165741,1113.6,3636.8,63027.2
1684310818.0665715,1112.0,3707.2,63049.6
1684310818.1166368,1196.8,3785.6,62833.6
1684310818.166593,1196.8,3825.6,62819.2
1684310818.21661,1275.2,3824.0,62512.0
1684310818.2665367,1360.0,3942.4,62236.8
1684310818.3168154,1438.4,3940.8,62313.6
1684310818.366603,1443.2,3958.4,62299.2
1684310818.4166074,1526.4,3947.2,62307.2
1684310818.4665332,1609.6,4003.2,62014.4
1684310818.5166118,1532.8,4033.6,62081.6
1684310818.5666096,1536.0,4041.6,62084.8
1684310818.6165705,1534.4,4012.8,62001.6
1684310818.6666353,1537.6,3992.0,62001.6
1684310818.7165518,1617.6,4164.8,61819.2
1684310818.766585,1620.8,4153.6,61886.4
1684310818.816586,1620.8,4161.6,61923.2
1684310818.8665345,1624.0,4072.0,61897.6
1684310818.916519,1548.8,4110.4,62192.0
1684310818.9665956,1552.0,4108.8,62260.8
1684310819.016557,1552.0,4089.6,62254.4
1684310819.0665662,1550.4,4108.8,62219.2
1684310819.1166425,1550.4,4166.4,62278.4
1684310819.1665895,1550.4,4198.4,62304.0
1684310819.216589,1550.4,4166.4,62376.0
1684310819.2665546,1630.4,4284.8,62102.4
1684310819.3167586,1630.4,4265.6,62027.2
1684310819.3665998,1630.4,4276.8,62030.4
1684310819.4166052,1712.0,4236.8,61780.8
1684310819.4665651,1712.0,4246.4,61843.2
1684310819.516542,1713.6,4204.8,61918.4
1684310819.5665271,1715.2,4236.8,61902.4
1684310819.6166077,1633.6,4211.2,62156.8
1684310819.6668708,1633.6,4262.4,62184.0
1684310819.716681,1633.6,4544.0,62243.2
1684310819.7666268,1633.6,4604.8,62164.8
1684310819.8168516,1633.6,4430.4,62144.0
1684310819.8665571,1632.0,4400.0,62099.2
1684310819.916587,1632.0,4398.4,62134.4
1684310819.9665337,1713.6,4472.0,61843.2
1684310820.0166519,1633.6,4398.4,61915.2
1684310820.06673,1633.6,4176.0,61923.2
1684310820.116658,1548.8,4198.4,61819.2
1684310820.166537,1548.8,4156.8,61838.4
1684310820.2166445,1465.6,4107.2,62136.0
1684310820.2665384,1380.8,4008.0,62358.4
1684310820.3167949,1302.4,4060.8,62358.4
1684310820.366561,1222.4,4083.2,62393.6
1684310820.4166443,1139.2,4081.6,62302.4
1684310820.4665465,1056.0,4038.4,62552.0
1684310820.5165527,1131.2,4099.2,62259.2
1684310820.5665402,1128.0,4169.6,62188.8
1684310820.616602,1128.0,4148.8,62240.0
1684310820.6665702,1206.4,4251.2,62147.2
1684310820.7165318,1126.4,4038.4,62300.8
1684310820.7665274,1126.4,4048.0,62313.6
1684310820.817187,1129.6,4038.4,62323.2
1684310820.8666956,1126.4,4198.4,62028.8
1684310820.9161499,1203.2,4305.6,61956.8
1684310820.9662063,1200.0,4326.4,61944.0
1684310821.0166337,1283.2,4331.2,61740.8
1684310821.0669603,1283.2,4299.2,61848.0
1684310821.1159544,1283.2,4348.8,61848.0
1684310821.1658328,1283.2,4331.2,61808.0
1684310821.2166493,1371.2,4380.8,61707.2
1684310821.2668014,1291.2,4190.4,61947.2
1684310821.3168275,1292.8,4200.0,62022.4
1684310821.3665767,1376.0,4280.0,61974.4
1684310821.4166176,1300.8,4232.0,62240.0
1684310821.4667766,1300.8,4222.4,62203.2
1684310821.5168583,1379.2,4224.0,62180.8
1684310821.5665743,1380.8,4233.6,62238.4
1684310821.6162503,1459.2,4249.6,62288.0
1684310821.6662133,1462.4,4308.8,62337.6
1684310821.716611,1462.4,4004.8,62302.4
1684310821.7665603,1542.4,4144.0,62070.4
1684310821.81662,1544.0,4153.6,62083.2
1684310821.866553,1545.6,4195.2,62092.8
1684310821.9168036,1550.4,4116.8,62110.4
1684310821.966592,1468.8,4032.0,62395.2
1684310822.0168662,1468.8,4030.4,62462.4
1684310822.0668085,1550.4,4052.8,62417.6
1684310822.1166606,1548.8,3940.8,62681.6
1684310822.16655,1659.2,3929.6,62684.8
1684310822.216668,1657.6,3971.2,62628.8
1684310822.2665513,1657.6,3969.6,62660.8
1684310822.3168056,1657.6,3950.4,62580.8
1684310822.366538,1654.4,3929.6,62569.6
1684310822.41665,1654.4,4027.2,62659.2
1684310822.4665465,1654.4,4107.2,62753.6
1684310822.5165257,1574.4,4016.0,63012.8
1684310822.5665543,1574.4,3944.0,63012.8
1684310822.6166263,1574.4,3955.2,63049.6
1684310822.6665316,1492.8,3854.4,63100.8
1684310822.7165205,1496.0,3852.8,63152.0
1684310822.766547,1492.8,3864.0,63078.4
1684310822.816617,1489.6,3884.8,63078.4
1684310822.8665748,1571.2,3796.8,63078.4
1684310822.9165196,1492.8,3668.8,63092.8
1684310822.9665453,1492.8,3708.8,63092.8
1684310823.0165884,1409.6,3684.8,63233.6
1684310823.066581,1409.6,3785.6,63211.2
1684310823.1166353,1411.2,3676.8,63200.0
1684310823.1665707,1411.2,3675.2,63264.0
1684310823.2165937,1323.2,3688.0,63318.4
1684310823.2665744,1323.2,3720.0,63323.2
1684310823.3167708,1321.6,3891.2,63160.0
1684310823.3665915,1238.4,3779.2,63158.4
1684310823.4166121,1278.4,3798.4,63192.0
1684310823.4665306,1278.4,3798.4,63110.4
1684310823.5165968,1198.4,3827.2,63132.8
1684310823.56654,1196.8,3888.0,63123.2
1684310823.6166298,1118.4,4014.4,63142.4
1684310823.6665614,1115.2,3934.4,63142.4
1684310823.71654,1115.2,4027.2,63100.8
1684310823.7665253,1035.2,3828.8,63411.2
1684310823.816631,1118.4,3896.0,63091.2
1684310823.8665316,1115.2,3955.2,63121.6
1684310823.9165459,1110.4,3948.8,63100.8
1684310823.9665241,1110.4,4017.6,62904.0
1684310824.0165987,1193.6,4022.4,62576.0
1684310824.0665429,1195.2,4140.8,62336.0
1684310824.1166766,1275.2,4144.0,62390.4
1684310824.1665926,1164.8,4176.0,62358.4
1684310824.216658,1172.8,4145.6,62425.6
1684310824.2665267,1256.0,4235.2,62348.8
1684310824.3168,1256.0,4212.8,62411.2
1684310824.3665493,1260.8,4211.2,62464.0
1684310824.4166353,1265.6,4113.6,62444.8
1684310824.466562,1268.8,4022.4,62444.8
1684310824.5165536,1352.0,4027.2,62435.2
1684310824.56654,1353.6,3988.8,62507.2
1684310824.6166248,1353.6,4008.0,62520.0
1684310824.6668844,1353.6,4006.4,62561.6
1684310824.716703,1350.4,4070.4,62587.2
1684310824.7661707,1352.0,4049.6,62532.8
1684310824.8163865,1433.6,4192.0,62499.2
1684310824.866276,1352.0,4160.0,62468.8
1684310824.9168103,1352.0,4238.4,62526.4
1684310824.9666204,1350.4,4188.8,62539.2
1684310825.0166209,1350.4,4187.2,62528.0
1684310825.0665722,1352.0,4128.0,62550.4
1684310825.1166563,1350.4,4140.8,62483.2
1684310825.1665814,1350.4,4128.0,62444.8
1684310825.2168057,1352.0,4035.2,62500.8
1684310825.2666187,1352.0,4044.8,62513.6
1684310825.3167567,1352.0,3862.4,62574.4
1684310825.36689,1352.0,3904.0,62612.8
1684310825.416678,1305.6,3873.6,62548.8
1684310825.4666069,1307.2,3902.4,62643.2
1684310825.5165296,1307.2,3883.2,62577.6
1684310825.5665634,1307.2,3862.4,62515.2
1684310825.6167219,1308.8,3732.8,62513.6
1684310825.666584,1308.8,3715.2,62436.8
1684310825.7165248,1307.2,3635.2,62483.2
1684310825.766547,1384.0,3614.4,62318.4
1684310825.8165994,1299.2,3536.0,62584.0
1684310825.8665226,1300.8,3424.0,62576.0
1684310825.9165475,1382.4,3572.8,62307.2
1684310825.9665194,1382.4,3494.4,62459.2
1684310826.0166364,1300.8,3510.4,62692.8
1684310826.0666103,1217.6,3505.6,62984.0
1684310826.1166122,1139.2,3532.8,62924.8
1684310826.1665466,1147.2,3521.6,63008.0
1684310826.2166255,1139.2,3521.6,62988.8
1684310826.2665312,1057.6,3435.2,63022.4
1684310826.3167956,1222.4,3432.0,62955.2
1684310826.3665504,1217.6,3436.8,62894.4
1684310826.4166331,1212.8,3400.0,62915.2
1684310826.4667616,1294.4,3414.4,62899.2
1684310826.5166101,1211.2,3420.8,62952.0
1684310826.5665526,1209.6,3480.0,62926.4
1684310826.6166964,1289.6,3580.8,62579.2
1684310826.6665585,1289.6,3670.4,62574.4
1684310826.7165284,1289.6,3736.0,62560.0
1684310826.7665546,1288.0,3918.4,62484.8
1684310826.816641,1206.4,3764.8,62497.6
1684310826.8665662,1292.8,3843.2,62361.6
1684310826.916554,1376.0,3924.8,62043.2
1684310826.96652,1460.8,3996.8,61699.2
1684310827.0168524,1460.8,3996.8,61758.4
1684310827.0668526,1459.2,4019.2,61624.0
1684310827.1166346,1460.8,4017.6,61702.4
1684310827.1665852,1459.2,4120.0,61692.8
1684310827.2166388,1459.2,4174.4,61699.2
1684310827.2665672,1459.2,4152.0,61752.0
1684310827.316808,1540.8,4171.2,61820.8
1684310827.366581,1545.6,4171.2,61832.0
1684310827.4166229,1545.6,4260.8,61865.6
1684310827.4665415,1545.6,4243.2,61827.2
1684310827.5165558,1547.2,4232.0,61892.8
1684310827.566514,1627.2,4329.6,61632.0
1684310827.6166317,1625.6,4329.6,61609.6
1684310827.6666105,1625.6,4331.2,61635.2
1684310827.7165608,1627.2,4385.6,61473.6
1684310827.7665071,1550.4,4414.4,61630.4
1684310827.8166077,1550.4,4403.2,61699.2
1684310827.866519,1550.4,4385.6,61654.4
1684310827.9165087,1468.8,4272.0,61942.4
1684310827.9665103,1473.6,4331.2,61980.8
1684310828.0165935,1472.0,4340.8,62032.0
1684310828.0665371,1472.0,4246.4,61968.0
1684310828.1166527,1472.0,4227.2,61968.0
1684310828.1668375,1465.6,4310.4,61846.4
1684310828.2167058,1465.6,4388.8,61852.8
1684310828.2665684,1545.6,4480.0,61632.0
1684310828.3167727,1380.8,4475.2,61644.8
1684310828.3665648,1380.8,4432.0,61635.2
1684310828.4166028,1380.8,4580.8,61616.0
1684310828.4665577,1296.0,4564.8,61564.8
1684310828.5165575,1297.6,4582.4,61558.4
1684310828.5665264,1297.6,4563.2,61472.0
1684310828.6165967,1217.6,4492.8,61819.2
1684310828.666511,1297.6,4457.6,61504.0
1684310828.7165372,1297.6,4371.2,61470.4
1684310828.7665448,1297.6,4278.4,61660.8
1684310828.8165884,1297.6,4270.4,61636.8
1684310828.8665223,1211.2,4252.8,62072.0
1684310828.9165099,1128.0,4057.6,62396.8
1684310828.9665303,1044.8,3985.6,62740.8
1684310829.0165555,1044.8,3984.0,62691.2
1684310829.0665514,1044.8,3952.0,62825.6
1684310829.116645,1043.2,3940.8,62803.2
1684310829.1665666,1044.8,3900.8,62801.6
1684310829.2165947,1046.4,3908.8,62760.0
1684310829.2665615,1046.4,3971.2,62686.4
1684310829.3167534,966.4,4043.2,62419.2
1684310829.3665829,1076.8,4112.0,62153.6
1684310829.4165978,1076.8,4112.0,62184.0
1684310829.4665904,1075.2,4100.8,62219.2
1684310829.516514,1073.6,4100.8,62128.0
1684310829.5665429,993.6,3891.2,62460.8
1684310829.6165795,995.2,3988.8,62425.6
1684310829.6671627,1080.0,3985.6,62476.8
1684310829.7166924,1080.0,3921.6,62600.0
1684310829.766565,1080.0,3988.8,62232.0
1684310829.8168461,1086.4,4140.8,61944.0
1684310829.866545,1169.6,4267.2,61716.8
1684310829.9165466,1249.6,4358.4,61436.8
1684310829.9665155,1328.0,4380.8,61120.0
1684310830.0165975,1406.4,4350.4,61155.2
1684310830.0665383,1488.0,4468.8,61086.4
1684310830.116648,1492.8,4438.4,61076.8
1684310830.1667986,1491.2,4356.8,61216.0
1684310830.2167292,1492.8,4238.4,61187.2
1684310830.2665453,1412.8,4166.4,61494.4
1684310830.3167837,1414.4,4163.2,61558.4
1684310830.366543,1414.4,4225.6,61564.8
1684310830.4166362,1416.0,4113.6,61534.4
1684310830.4665203,1499.2,4275.2,61286.4
1684310830.51659,1497.6,4267.2,61289.6
1684310830.5665133,1499.2,4265.6,61353.6
1684310830.616579,1580.8,4366.4,61092.8
1684310830.666591,1502.4,4313.6,61371.2
1684310830.7165415,1502.4,4371.2,61435.2
1684310830.7665467,1504.0,4260.8,61448.0
1684310830.8165994,1504.0,4270.4,61468.8
1684310830.8665564,1507.2,4208.0,61520.0
1684310830.916508,1508.8,4265.6,61476.8
1684310830.9665303,1508.8,4252.8,61420.8
1684310831.0165718,1587.2,4305.6,61412.8
1684310831.0665548,1587.2,4296.0,61384.0
1684310831.1166184,1587.2,4326.4,61329.6
1684310831.1665597,1587.2,4385.6,61177.6
1684310831.2165985,1584.0,4355.2,61193.6
1684310831.266577,1585.6,4392.0,61257.6
1684310831.3167527,1660.8,4302.4,61507.2
1684310831.3665807,1545.6,4235.2,61699.2
1684310831.416597,1547.2,4124.8,61692.8
1684310831.4668376,1628.8,4137.6,61665.6
1684310831.5165918,1630.4,4137.6,61744.0
1684310831.5665362,1635.2,4158.4,61664.0
1684310831.6166053,1633.6,4060.8,61699.2
1684310831.6665668,1548.8,4081.6,61676.8
1684310831.716577,1628.8,4112.0,61449.6
1684310831.7665293,1628.8,4035.2,61748.8
1684310831.816583,1622.4,3907.2,61955.2
1684310831.866606,1540.8,3902.4,62062.4
1684310831.9165545,1460.8,3908.8,62310.4
1684310831.9665055,1380.8,3836.8,62638.4
1684310832.0168836,1468.8,3843.2,62635.2
1684310832.0668173,1481.6,3763.2,62422.4
1684310832.1166823,1480.0,3792.0,62457.6
1684310832.1665368,1480.0,3771.2,62388.8
1684310832.216634,1478.4,3800.0,62430.4
1684310832.2665617,1553.6,3779.2,62398.4
1684310832.3167796,1636.8,3795.2,62305.6
1684310832.3665402,1636.8,3793.6,62358.4
1684310832.41661,1716.8,3974.4,62123.2
1684310832.4665225,1635.2,3902.4,62438.4
1684310832.5164988,1635.2,3883.2,62424.0
1684310832.56654,1633.6,3974.4,62377.6
1684310832.616575,1640.0,3904.0,62347.2
1684310832.6665478,1724.8,3980.8,62016.0
1684310832.7165082,1808.0,4004.8,61787.2
1684310832.7665513,1891.2,4041.6,61640.0
1684310832.8165693,1971.2,4020.8,61651.2
1684310832.8666093,2048.0,3988.8,61614.4
1684310832.9165184,2131.2,3988.8,61579.2
1684310832.9665413,2211.2,4035.2,61556.8
1684310833.0165727,2134.4,4004.8,61588.8
1684310833.0665574,2145.6,3984.0,61617.6
1684310833.1166408,2145.6,4123.2,61526.4
1684310833.1665757,2148.8,4033.6,61716.8
1684310833.2165873,2150.4,4124.8,61710.4
1684310833.266573,2148.8,4028.8,61729.6
1684310833.3167958,2073.6,4027.2,61729.6
1684310833.3665621,2155.2,4009.6,61761.6
1684310833.4166062,2153.6,3988.8,61731.2
1684310833.4665308,2073.6,3966.4,61764.8
1684310833.5165684,2153.6,4056.0,61486.4
1684310833.5665126,2150.4,4107.2,61553.6
1684310833.6166005,2150.4,4105.6,61584.0
1684310833.666566,2150.4,4115.2,61488.0
1684310833.7165473,2070.4,4083.2,61808.0
1684310833.7665057,2080.0,4180.8,61884.8
1684310833.8166153,2080.0,4179.2,61966.4
1684310833.8665202,2078.4,4088.0,62123.2
1684310833.9165437,2080.0,3955.2,62112.0
1684310833.966505,2076.8,3966.4,62089.6
1684310834.016592,1910.4,3958.4,62099.2
1684310834.0665212,1896.0,3990.4,62161.6
1684310834.1166492,1894.4,4011.2,62081.6
1684310834.166565,1894.4,4080.0,62150.4
1684310834.21662,1896.0,4212.8,62083.2
1684310834.2665255,1820.8,4212.8,62044.8
1684310834.316788,1736.0,4259.2,62102.4
1684310834.3665423,1737.6,4238.4,62044.8
1684310834.4165876,1656.0,4156.8,62313.6
1684310834.4665651,1659.2,4067.2,62278.4
1684310834.516511,1659.2,4067.2,62246.4
1684310834.566533,1659.2,3979.2,62278.4
1684310834.6165829,1571.2,3921.6,62492.8
1684310834.6674242,1744.0,3843.2,62790.4
1684310834.7166255,1662.4,3761.6,62995.2
