Time,Right Hand Signal,Head Signal,Strain Gauge Signal
1684297963.976709,2013.8666666666666,4344.533333333334,61453.86666666667
1684297964.026818,2012.8,4247.466666666666,61467.73333333333
1684297964.0767589,2011.7333333333333,4200.533333333334,61434.666666666664
1684297964.1267025,2010.6666666666667,4198.4,61397.333333333336
1684297964.1767805,2010.6666666666667,4146.133333333333,61417.6
1684297964.226795,2011.7333333333333,4144.0,61384.53333333333
1684297964.2767491,2012.8,4163.2,61590.4
1684297964.3268888,2014.9333333333334,4184.533333333334,61582.933333333334
1684297964.376758,2014.9333333333334,4178.133333333333,61609.6
1684297964.4267979,2013.8666666666666,4257.066666666667,61809.066666666666
1684297964.4767337,2012.8,4243.2,61766.4
1684297964.5269234,2012.8,4247.466666666666,61730.13333333333
1684297964.576961,2013.8666666666666,4258.133333333333,61936.0
1684297964.626809,2013.8666666666666,4307.2,61984.0
1684297964.6767023,2012.8,4229.333333333333,61991.46666666667
1684297964.726729,2011.7333333333333,4220.8,62077.86666666667
1684297964.776701,1957.3333333333333,4100.266666666666,62035.2
1684297964.826786,1956.2666666666667,4059.733333333333,62087.46666666667
1684297964.8767097,2009.6,4006.4,62021.333333333336
1684297964.9269128,2008.5333333333333,4006.4,62018.13333333333
1684297964.9769225,2062.9333333333334,4080.0,61826.13333333333
1684297965.0269344,2064.0,4078.9333333333334,61881.6
1684297965.0767221,2064.0,4058.6666666666665,61885.86666666667
1684297965.1266975,2010.6666666666667,4128.0,61864.53333333333
1684297965.1767008,1954.1333333333334,4259.2,61898.666666666664
1684297965.2267795,1953.0666666666666,4233.6,61850.666666666664
1684297965.2767026,2007.4666666666667,4272.0,61816.53333333333
1684297965.32672,1849.6,4332.8,61816.53333333333
1684297965.3766863,1778.1333333333334,4318.933333333333,61832.53333333333
1684297965.4267895,1725.8666666666666,4321.066666666667,61881.6
1684297965.4766877,1726.9333333333334,4260.266666666666,61926.4
1684297965.5267665,1674.6666666666667,4260.266666666666,61942.4
1684297965.5769503,1671.4666666666667,4259.2,61915.73333333333
1684297965.6267965,1671.4666666666667,4258.133333333333,61927.46666666667
1684297965.676741,1672.5333333333333,4258.133333333333,61921.066666666666
1684297965.7267303,1673.6,4294.4,61957.333333333336
1684297965.776716,1620.2666666666667,4241.066666666667,62151.46666666667
1684297965.826803,1620.2666666666667,4165.333333333333,62132.26666666667
1684297965.8767107,1620.2666666666667,4171.733333333334,62141.86666666667
1684297965.926674,1618.1333333333334,4171.733333333334,62183.46666666667
1684297965.9772778,1618.1333333333334,4209.066666666667,62217.6
1684297966.0273697,1671.4666666666667,4167.466666666666,62179.2
1684297966.0754964,1671.4666666666667,4176.0,62364.8
1684297966.125262,1675.7333333333333,4153.6,62401.066666666666
1684297966.1763587,1671.4666666666667,4154.666666666667,62393.6
1684297966.2264152,1559.4666666666667,4152.533333333334,62404.26666666667
1684297966.2764428,1612.8,4141.866666666667,62560.0
1684297966.3267944,1556.2666666666667,4089.6,62821.333333333336
1684297966.3767564,1556.2666666666667,4094.9333333333334,62864.0
1684297966.4268014,1553.0666666666666,4094.9333333333334,62800.0
1684297966.476816,1443.2,4093.866666666667,62804.26666666667
1684297966.5267532,1390.9333333333334,4091.733333333333,62762.666666666664
1684297966.576948,1444.2666666666667,4141.866666666667,62739.2
1684297966.6268237,1392.0,4061.866666666667,62848.0
1684297966.6767468,1394.1333333333334,4061.866666666667,62844.8
1684297966.7267447,1390.9333333333334,4055.4666666666667,62836.26666666667
1684297966.776736,1389.8666666666666,4069.3333333333335,62841.6
1684297966.8268592,1389.8666666666666,4116.266666666666,62691.2
1684297966.876712,1388.8,4273.066666666667,62683.73333333333
1684297966.9267125,1388.8,4273.066666666667,62659.2
1684297966.9767153,1441.0666666666666,4320.0,62473.6
1684297967.0269697,1442.1333333333334,4330.666666666667,62499.2
1684297967.077414,1442.1333333333334,4324.266666666666,62472.53333333333
1684297967.126563,1528.5333333333333,4384.0,62488.53333333333
1684297967.1764102,1529.6,4444.8,62489.6
1684297967.2261019,1586.1333333333334,4444.8,62488.53333333333
1684297967.2759802,1585.0666666666666,4439.466666666666,62528.0
1684297967.326721,1532.8,4439.466666666666,62528.0
1684297967.3767073,1532.8,4440.533333333334,62549.333333333336
1684297967.4267888,1533.8666666666666,4461.866666666667,62570.666666666664
1684297967.4767017,1536.0,4461.866666666667,62616.53333333333
1684297967.5267382,1541.3333333333333,4473.6,62679.46666666667
1684297967.5768793,1540.2666666666667,4535.466666666666,62646.4
1684297967.6268187,1539.2,4466.133333333333,62670.933333333334
1684297967.6767147,1591.4666666666667,4516.266666666666,62702.933333333334
1684297967.7267313,1589.3333333333333,4517.333333333333,62715.73333333333
1684297967.7766974,1590.4,4516.266666666666,62763.73333333333
1684297967.8268137,1641.6,4504.533333333334,62712.53333333333
1684297967.8767147,1587.2,4496.0,62744.53333333333
1684297967.9267693,1588.2666666666667,4483.2,62754.13333333333
1684297967.9766893,1533.8666666666666,4423.466666666666,62963.2
1684297968.0268,1479.4666666666667,4423.466666666666,62915.2
1684297968.0767045,1481.6,4344.533333333334,62931.2
1684297968.1267104,1480.5333333333333,4292.266666666666,62953.6
1684297968.1766882,1480.5333333333333,4206.933333333333,62924.8
1684297968.226952,1426.1333333333334,4197.333333333333,62954.666666666664
1684297968.276747,1370.6666666666667,4145.066666666667,63187.2
1684297968.3267157,1316.2666666666667,4163.2,63216.0
1684297968.3767006,1366.4,4156.8,63219.2
1684297968.4268048,1802.6666666666667,4196.266666666666,63175.46666666667
1684297968.4767337,2192.0,4203.733333333334,63163.73333333333
1684297968.5267296,2620.8,4250.666666666667,62936.53333333333
1684297968.5769012,3010.133333333333,4304.0,62758.4
1684297968.626793,3410.133333333333,4350.933333333333,62699.73333333333
1684297968.6767397,3814.4,4411.733333333334,62548.26666666667
1684297968.726785,4246.4,4362.666666666667,62341.333333333336
1684297968.7767324,4673.066666666667,4414.933333333333,62232.53333333333
1684297968.82679,5139.2,4483.2,62088.53333333333
1684297968.8767512,5607.466666666666,4578.133333333333,61856.0
1684297968.926685,6038.4,4578.133333333333,61810.13333333333
1684297968.976678,6529.066666666667,4641.066666666667,61593.6
1684297969.026783,6961.066666666667,4648.533333333334,61624.53333333333
1684297969.076695,7427.2,4714.666666666667,61601.066666666666
1684297969.1266878,7816.533333333334,4736.0,61532.8
1684297969.176723,8204.8,4722.133333333333,61538.13333333333
1684297969.226802,8643.2,4743.466666666666,61526.4
1684297969.2767234,8974.933333333332,4700.8,61576.53333333333
1684297969.3268855,9367.466666666667,4702.933333333333,61588.26666666667
1684297969.3767872,9786.666666666666,4716.8,61381.333333333336
1684297969.426773,10151.466666666667,4708.266666666666,61435.73333333333
1684297969.4767227,10557.866666666667,4699.733333333334,61489.066666666666
1684297969.5267413,10942.933333333332,4678.4,61469.86666666667
1684297969.5769255,11264.0,4627.2,61458.13333333333
1684297969.6267922,11630.933333333332,4600.533333333334,61410.13333333333
1684297969.6767008,11997.866666666667,4613.333333333333,61333.333333333336
1684297969.7267804,12365.866666666667,4611.2,61216.0
1684297969.7766984,12733.866666666667,4618.666666666667,61109.333333333336
1684297969.8267999,13105.066666666668,4565.333333333333,61216.0
1684297969.8766932,13473.066666666668,4460.8,61143.46666666667
1684297969.926933,13842.133333333333,4475.733333333334,61095.46666666667
1684297969.9767451,14158.933333333332,4416.0,61196.8
1684297970.0268466,14526.933333333332,4401.066666666667,61028.26666666667
1684297970.076701,14896.0,4394.666666666667,60972.8
1684297970.1267154,15177.6,4342.4,60852.26666666667
1684297970.1767094,15492.266666666666,4276.266666666666,60757.333333333336
1684297970.2268012,15799.466666666667,4361.6,60605.86666666667
1684297970.2766957,16163.2,4406.4,60468.26666666667
1684297970.3268878,16523.733333333334,4477.866666666667,60387.2
1684297970.3767567,16885.333333333332,4530.133333333333,60213.333333333336
1684297970.4270701,17303.466666666667,4531.2,60045.86666666667
1684297970.477106,17665.066666666666,4583.466666666666,59866.666666666664
1684297970.5269809,18025.6,4693.333333333333,59560.53333333333
1684297970.576532,18389.333333333332,4637.866666666667,59396.26666666667
1684297970.6264002,18754.133333333335,4637.866666666667,59153.066666666666
1684297970.6769607,19064.533333333333,4644.266666666666,58926.933333333334
1684297970.726965,19481.6,4630.4,58726.4
1684297970.7767496,19844.266666666666,4669.866666666667,58439.46666666667
1684297970.8267882,20211.2,4711.466666666666,58074.666666666664
1684297970.8767178,20629.333333333332,4750.933333333333,57656.53333333333
1684297970.9267073,20992.0,4723.2,57442.13333333333
1684297970.9768143,21408.0,4706.133333333333,57224.53333333333
1684297971.0267975,21773.866666666665,4693.333333333333,57062.4
1684297971.076756,22130.133333333335,4694.4,56834.13333333333
1684297971.1267316,22492.8,4675.2,56576.0
1684297971.1767242,22850.133333333335,4682.666666666667,56388.26666666667
1684297971.2267795,23210.666666666668,4668.8,56198.4
1684297971.2767174,23565.866666666665,4656.0,56060.8
1684297971.326688,23920.0,4665.6,55880.53333333333
1684297971.3766825,24226.133333333335,4658.133333333333,55717.333333333336
1684297971.4267943,24141.866666666665,4617.6,55527.46666666667
1684297971.4767814,24112.0,4665.6,55348.26666666667
1684297971.5268018,24036.266666666666,4598.4,55324.8
1684297971.576975,23996.8,4532.266666666666,55269.333333333336
1684297971.6267982,23945.6,4466.133333333333,55080.53333333333
1684297971.6767385,23889.066666666666,4405.333333333333,54981.333333333336
1684297971.7266898,23858.133333333335,4884.266666666666,54905.6
1684297971.7767239,23789.866666666665,5498.666666666667,54748.8
1684297971.8267677,23674.666666666668,6167.466666666666,54737.066666666666
1684297971.8766923,23555.2,6772.266666666666,54697.6
1684297971.926693,23480.533333333333,7630.933333333333,54509.86666666667
1684297971.9766607,23346.133333333335,8321.066666666668,54509.86666666667
1684297972.0271442,23217.066666666666,9095.466666666667,54283.73333333333
1684297972.0767732,23107.2,9833.6,54098.13333333333
1684297972.1267385,23076.266666666666,10661.333333333334,53961.6
1684297972.1766999,23046.4,11485.866666666667,53699.2
1684297972.226838,22964.266666666666,12273.066666666668,53431.46666666667
1684297972.276709,22938.666666666668,13070.933333333332,53209.6
1684297972.3267782,22904.533333333333,13943.466666666667,52977.066666666666
1684297972.376712,22843.733333333334,14733.866666666667,52963.2
1684297972.4267752,22838.4,15511.466666666667,52773.333333333336
1684297972.4767377,22789.333333333332,16333.866666666667,52504.53333333333
1684297972.526822,22762.666666666668,17137.066666666666,52394.666666666664
1684297972.5769126,22801.066666666666,17895.466666666667,52203.73333333333
1684297972.62683,22782.933333333334,18622.933333333334,51884.8
1684297972.6767168,22764.8,19230.933333333334,51747.2
1684297972.7266889,22752.0,19430.4,51655.46666666667
1684297972.7768192,22789.333333333332,19426.133333333335,51470.933333333334
1684297972.8267822,22823.466666666667,19418.666666666668,51361.066666666666
1684297972.8767269,22860.8,19427.2,50998.4
1684297972.926697,22848.0,19426.133333333335,50693.333333333336
1684297972.976716,22947.2,19415.466666666667,50476.8
1684297973.0267923,22928.0,19443.2,50411.73333333333
1684297973.076731,22915.2,19421.866666666665,50336.0
1684297973.1266868,22904.533333333333,19528.533333333333,50246.4
1684297973.1766815,22891.733333333334,19514.666666666668,50149.333333333336
1684297973.2270472,22882.133333333335,19421.866666666665,50105.6
1684297973.2768114,22873.6,19308.8,49843.2
1684297973.3267121,22865.066666666666,19209.6,49671.46666666667
1684297973.3767195,22860.8,19141.333333333332,49709.86666666667
1684297973.426791,22796.8,19319.466666666667,49675.73333333333
1684297973.4767785,22787.2,19253.333333333332,49619.2
1684297973.5267856,22778.666666666668,19057.066666666666,49713.066666666666
1684297973.5769303,22771.2,19104.0,49591.46666666667
1684297973.626785,22762.666666666668,19090.133333333335,49570.13333333333
1684297973.6767244,22814.933333333334,19116.8,49425.066666666666
1684297973.7266934,22753.066666666666,19102.933333333334,49379.2
1684297973.7766733,22750.933333333334,19102.933333333334,49425.066666666666
1684297973.826759,22743.466666666667,19141.333333333332,49428.26666666667
1684297973.8766897,22686.933333333334,19074.133333333335,49621.333333333336
1684297973.9267128,22679.466666666667,19126.4,49621.333333333336
1684297973.9766803,22617.6,19116.8,49587.2
1684297974.0268006,22608.0,19142.4,49542.4
1684297974.0767176,22606.933333333334,19096.533333333333,49549.86666666667
1684297974.1267054,22602.666666666668,19089.066666666666,49555.2
1684297974.1766777,22601.6,19011.2,49530.666666666664
1684297974.226785,22599.466666666667,19018.666666666668,49515.73333333333
1684297974.2766984,22602.666666666668,19018.666666666668,49416.53333333333
1684297974.327007,22617.6,18954.666666666668,49357.86666666667
1684297974.3767104,22673.066666666666,18963.2,49142.4
1684297974.426818,22675.2,19031.466666666667,49146.666666666664
1684297974.4767168,22668.8,18997.333333333332,49178.666666666664
1684297974.5268214,22724.266666666666,19105.066666666666,48987.73333333333
1684297974.5768995,22787.2,19154.133333333335,48992.0
1684297974.6268258,22852.266666666666,19192.533333333333,48809.6
1684297974.6767015,22854.4,19245.866666666665,48777.6
1684297974.726675,22808.533333333333,18759.466666666667,48731.73333333333
1684297974.7767048,22855.466666666667,18117.333333333332,48577.066666666666
1684297974.826747,22913.066666666666,17403.733333333334,48521.6
1684297974.8767319,22917.333333333332,16684.8,48478.933333333334
1684297974.9269001,22912.0,15812.266666666666,48459.73333333333
1684297974.9767795,22907.733333333334,14962.133333333333,48433.066666666666
1684297975.0270808,22899.2,14174.933333333332,48405.333333333336
1684297975.0771232,22892.8,13341.866666666667,48398.933333333334
1684297975.126407,22880.0,12520.533333333333,48309.333333333336
1684297975.176393,22876.8,11685.333333333334,48134.4
1684297975.2268844,22923.733333333334,10904.533333333333,48158.933333333334
1684297975.2767663,22912.0,10618.666666666666,48150.4
1684297975.3269737,22908.8,10510.933333333332,48130.13333333333
1684297975.3767772,22907.733333333334,10535.466666666667,48181.333333333336
1684297975.426859,22856.533333333333,10535.466666666667,48166.4
1684297975.4767606,22870.4,10558.933333333332,48222.933333333334
1684297975.5267901,22886.4,10528.0,48158.933333333334
1684297975.5769544,22848.0,10572.8,48183.46666666667
1684297975.6268694,22874.666666666668,10681.6,48364.8
1684297975.6767538,22896.0,10957.866666666667,48381.86666666667
1684297975.7266974,22908.8,11628.8,48389.333333333336
1684297975.7766824,22872.533333333333,12528.0,48418.13333333333
1684297975.8268232,22836.266666666666,13431.466666666667,48381.86666666667
1684297975.8767223,22801.066666666666,14182.4,48598.4
1684297975.9267309,22808.533333333333,15006.933333333332,48778.666666666664
1684297975.9766793,22696.533333333333,15863.466666666667,48894.933333333334
1684297976.0276268,22704.0,16683.733333333334,48862.933333333334
1684297976.0763595,22706.133333333335,17481.6,48822.4
1684297976.1261096,22698.666666666668,18090.666666666668,48871.46666666667
1684297976.1755881,22691.2,18726.4,48802.13333333333
1684297976.2256546,22685.866666666665,18812.8,48798.933333333334
1684297976.2767613,22683.733333333334,18841.6,48919.46666666667
1684297976.326731,22679.466666666667,18836.266666666666,48973.86666666667
1684297976.3767016,22674.133333333335,18904.533333333333,48867.2
1684297976.4268825,22669.866666666665,18676.266666666666,48816.0
1684297976.4768171,22666.666666666668,18763.733333333334,48775.46666666667
1684297976.5268164,22665.6,18750.933333333334,48571.73333333333
1684297976.576929,22713.6,18683.733333333334,48674.13333333333
1684297976.626854,22763.733333333334,18745.6,48653.86666666667
1684297976.6767578,22699.733333333334,18654.933333333334,48792.53333333333
1684297976.7266965,22694.4,18707.2,48613.333333333336
1684297976.7766788,22739.2,18709.333333333332,48434.13333333333
1684297976.827009,22678.4,18648.533333333333,48610.13333333333
1684297976.877173,22666.666666666668,18648.533333333333,48595.2
1684297976.9263752,22716.8,18662.4,48629.333333333336
1684297976.9763165,22768.0,18656.0,48611.2
1684297977.0270839,22761.6,18676.266666666666,48650.666666666664
1684297977.0768635,22753.066666666666,18700.8,48643.2
1684297977.1302023,22748.8,18693.333333333332,48636.8
1684297977.177188,22748.8,18704.0,48633.6
1684297977.2261617,22737.066666666666,18749.866666666665,48514.13333333333
1684297977.2760704,22787.2,18790.4,48525.86666666667
1684297977.3267438,22770.133333333335,18742.4,48512.0
1684297977.3767233,22706.133333333335,18732.8,48777.6
1684297977.4270692,22705.066666666666,18637.866666666665,48753.066666666666
1684297977.4769993,22704.0,18699.733333333334,48510.933333333334
1684297977.526434,22649.6,18579.2,48749.86666666667
1684297977.576546,22596.266666666666,18590.933333333334,48789.333333333336
1684297977.6268303,22540.8,18553.6,48983.46666666667
1684297977.6767163,22545.066666666666,18528.0,49074.13333333333
1684297977.7267349,22544.0,18545.066666666666,49081.6
1684297977.7766871,22496.0,18486.4,49270.4
1684297977.8268082,22455.466666666667,18485.333333333332,49346.13333333333
1684297977.8767254,22457.6,18491.733333333334,49413.333333333336
1684297977.9267144,22470.4,18578.133333333335,49462.4
1684297977.9766839,22483.2,18611.2,49501.86666666667
1684297978.0268273,22498.133333333335,18624.0,49659.73333333333
1684297978.0767508,22504.533333333333,18757.333333333332,49782.4
1684297978.126693,22510.933333333334,18749.866666666665,49947.73333333333
1684297978.1766794,22518.4,18754.133333333335,50302.933333333334
1684297978.2269647,22472.533333333333,18702.933333333334,50466.13333333333
1684297978.2767842,22534.4,18198.4,50686.933333333334
1684297978.3267403,22542.933333333334,17431.466666666667,50944.0
1684297978.376712,22574.933333333334,16597.333333333332,51139.2
1684297978.4267414,22705.066666666666,15867.733333333334,51133.86666666667
1684297978.4767313,22333.866666666665,15095.466666666667,51328.0
1684297978.5266507,21958.4,14514.133333333333,51590.4
1684297978.5771136,21582.933333333334,13724.8,51798.4
1684297978.6266062,21208.533333333333,12872.533333333333,51836.8
1684297978.6763759,20838.4,12027.733333333334,52033.066666666666
1684297978.726319,20469.333333333332,11224.533333333333,52193.066666666666
1684297978.7763581,20100.266666666666,10313.6,52443.73333333333
1684297978.826849,19731.2,9458.133333333333,52661.333333333336
1684297978.8770123,19361.066666666666,8693.333333333334,52640.0
1684297978.9267511,18997.333333333332,7869.866666666667,52859.73333333333
1684297978.9767063,18696.533333333333,7083.733333333334,52842.666666666664
1684297979.026874,18339.2,6273.066666666667,53042.13333333333
1684297979.0767467,17980.8,5481.6,53238.4
1684297979.126682,17630.933333333334,4801.066666666667,53387.73333333333
1684297979.1767218,17281.066666666666,4185.6,53648.0
1684297979.2268174,16931.2,4105.6,53901.86666666667
1684297979.2767246,16578.133333333335,4119.466666666666,54123.73333333333
1684297979.3269303,16228.266666666666,4125.866666666667,54272.0
1684297979.376696,15876.266666666666,4105.6,54525.86666666667
1684297979.4268067,15525.333333333334,4076.8,54758.4
1684297979.4767451,15174.4,3994.6666666666665,55005.86666666667
1684297979.5271351,14818.133333333333,4076.8,55367.46666666667
1684297979.576646,14413.866666666667,4083.2,55544.53333333333
1684297979.626461,14007.466666666667,4096.0,55826.13333333333
1684297979.6763244,13656.533333333333,4128.0,56068.26666666667
1684297979.7263696,13306.666666666666,4102.4,56456.53333333333
1684297979.7766871,12900.266666666666,4048.0,56846.933333333334
1684297979.8270965,12550.4,4052.266666666667,57032.53333333333
1684297979.8767447,12200.533333333333,4059.733333333333,57252.26666666667
1684297979.9270349,11794.133333333333,4018.133333333333,57438.933333333334
1684297979.9767463,11387.733333333334,4030.9333333333334,57624.53333333333
1684297980.0268812,11036.8,4202.666666666667,57843.2
1684297980.076742,10690.133333333333,4216.533333333334,58081.066666666666
1684297980.126704,10336.0,4222.933333333333,58281.6
1684297980.176696,9979.733333333334,4275.2,58529.066666666666
1684297980.2267497,9632.0,4229.333333333333,58853.333333333336
1684297980.2766938,9223.466666666667,4242.133333333333,59106.13333333333
1684297980.3266883,8871.466666666667,4331.733333333334,59386.666666666664
1684297980.3766956,8647.466666666667,4459.733333333334,59325.86666666667
1684297980.426868,8292.266666666666,4487.466666666666,59505.066666666666
1684297980.4767292,7991.466666666666,4429.866666666667,59875.2
1684297980.52667,7691.733333333334,4550.4,59869.86666666667
1684297980.5769992,7331.2,4490.666666666667,60106.666666666664
1684297980.6268873,6973.866666666667,4488.533333333334,60362.666666666664
1684297980.6767547,6618.666666666667,4436.266666666666,60482.13333333333
1684297980.7266822,6265.6,4388.266666666666,60782.933333333334
1684297980.7766922,5912.533333333334,4394.666666666667,61036.8
1684297980.8267298,5545.6,4380.8,61217.066666666666
1684297980.8767252,5190.4,4379.733333333334,61374.933333333334
1684297980.9266627,4881.066666666667,4407.466666666666,61364.26666666667
1684297980.9766774,4516.266666666666,4426.666666666667,61546.666666666664
1684297981.0274744,4151.466666666666,4412.8,61558.4
1684297981.0773306,3795.2,4340.266666666666,61632.0
1684297981.1248748,3438.9333333333334,4340.266666666666,61694.933333333334
1684297981.1746552,3076.266666666667,4411.733333333334,61723.73333333333
1684297981.2246246,2718.9333333333334,4437.333333333333,61782.4
1684297981.2747047,2364.8,4429.866666666667,61757.86666666667
1684297981.3246424,2001.0666666666666,4469.333333333333,61733.333333333336
1684297981.3746243,1667.2,4456.533333333334,61637.333333333336
1684297981.424667,1287.4666666666667,4395.733333333334,61801.6
1684297981.4746819,1289.6,4305.066666666667,61771.73333333333
1684297981.5246887,1291.7333333333333,4128.0,61687.46666666667
1684297981.5748322,1291.7333333333333,4107.733333333334,61494.4
1684297981.6248033,1289.6,4113.066666666667,61431.46666666667
1684297981.674716,1286.4,4053.3333333333335,61211.73333333333
1684297981.7246187,1288.5333333333333,4013.866666666667,61228.8
1684297981.7746806,1288.5333333333333,4028.8,61223.46666666667
1684297981.8267295,1288.5333333333333,4036.266666666667,61192.53333333333
1684297981.8767626,1288.5333333333333,3995.733333333333,61403.73333333333
1684297981.9267042,1288.5333333333333,3994.6666666666665,61381.333333333336
1684297981.9766617,1233.0666666666666,3987.2,61570.13333333333
1684297982.0271156,1288.5333333333333,3979.733333333333,61596.8
1684297982.0767303,1287.4666666666667,4021.3333333333335,61616.0
1684297982.1275194,1289.6,4038.4,61633.066666666666
1684297982.176241,1344.0,4086.4,61609.6
1684297982.2261026,1344.0,4100.266666666666,61582.933333333334
1684297982.2763517,1344.0,4093.866666666667,61572.26666666667
1684297982.3263369,1342.9333333333334,4093.866666666667,61593.6
1684297982.3767023,1397.3333333333333,4043.733333333333,61543.46666666667
1684297982.4267406,1397.3333333333333,4032.0,61514.666666666664
1684297982.4767315,1452.8,4101.333333333333,61313.066666666666
1684297982.5266933,1509.3333333333333,4054.4,61312.0
1684297982.5769796,1509.3333333333333,4053.3333333333335,61304.53333333333
1684297982.6267266,1510.4,4038.4,61307.73333333333
1684297982.6767735,1510.4,4051.2,61324.8
1684297982.72669,1514.6666666666667,4065.0666666666666,61346.13333333333
1684297982.776703,1514.6666666666667,4084.266666666667,61361.066666666666
1684297982.8266757,1513.6,4080.0,61414.4
1684297982.8767893,1516.8,4132.266666666666,61438.933333333334
1684297982.9266665,1516.8,4107.733333333334,61474.13333333333
1684297982.9766896,1516.8,4148.266666666666,61510.4
1684297983.0266795,1571.2,3997.866666666667,61316.26666666667
1684297983.0768678,1569.0666666666666,3985.0666666666666,61225.6
1684297983.126685,1569.0666666666666,3992.5333333333333,61292.8
1684297983.1767023,1568.0,3989.3333333333335,61294.933333333334
1684297983.2269728,1566.9333333333334,3990.4,61273.6
1684297983.2768524,1566.9333333333334,3943.4666666666667,61251.2
1684297983.3266892,1566.9333333333334,3890.133333333333,61230.933333333334
1684297983.376989,1442.1333333333334,3769.6,61415.46666666667
1684297983.4270535,1442.1333333333334,3835.733333333333,61260.8
1684297983.4769287,1385.6,3892.266666666667,61138.13333333333
1684297983.526328,1328.0,3790.9333333333334,61287.46666666667
1684297983.5766113,1328.0,3817.6,61057.066666666666
1684297983.6263177,1326.9333333333334,3817.6,61004.8
1684297983.6765957,1325.8666666666666,3849.6,61015.46666666667
1684297983.7264264,1378.1333333333334,3835.733333333333,60977.066666666666
1684297983.7767017,1373.8666666666666,3908.266666666667,60909.86666666667
1684297983.8266788,1372.8,3900.8,60907.73333333333
1684297983.8767872,1425.0666666666666,4022.4,60749.86666666667
1684297983.926684,1371.7333333333333,4045.866666666667,60955.73333333333
1684297983.976661,1372.8,4026.6666666666665,60947.2
1684297984.0267096,1372.8,4080.0,60887.46666666667
1684297984.0767593,1428.2666666666667,4020.266666666667,60893.86666666667
1684297984.1268072,1483.7333333333333,4021.3333333333335,60922.666666666664
1684297984.176683,1539.2,3952.0,60919.46666666667
1684297984.2266917,1538.1333333333334,3964.8,60917.333333333336
1684297984.2767653,1482.6666666666667,3963.733333333333,60961.066666666666
1684297984.3269055,1481.6,3925.3333333333335,61037.86666666667
1684297984.3766906,1428.2666666666667,3925.3333333333335,61096.53333333333
1684297984.4266903,1316.2666666666667,4019.2,61131.73333333333
1684297984.4767842,1314.1333333333334,4057.6,61160.53333333333
1684297984.5266922,1312.0,4050.133333333333,61225.6
1684297984.5769918,1312.0,4070.4,61401.6
1684297984.6267362,1312.0,4055.4666666666667,61562.666666666664
1684297984.6767898,1312.0,4115.2,61808.0
1684297984.7266903,1310.9333333333334,4088.5333333333333,61797.333333333336
1684297984.77668,1309.8666666666666,4075.733333333333,61828.26666666667
1684297984.8266635,1309.8666666666666,4027.733333333333,61841.066666666666
1684297984.8767757,1308.8,4028.8,61861.333333333336
1684297984.9269757,1307.7333333333333,4028.8,61840.0
1684297984.976773,1309.8666666666666,3947.733333333333,61890.13333333333
1684297985.026694,1253.3333333333333,3959.4666666666667,61875.2
1684297985.076815,1254.4,3932.8,61806.933333333334
1684297985.1266866,1306.6666666666667,3954.133333333333,61610.666666666664
1684297985.1766677,1252.2666666666667,3892.266666666667,61608.53333333333
1684297985.2266548,1252.2666666666667,3925.3333333333335,61627.73333333333
1684297985.2767868,1251.2,3916.8,61628.8
1684297985.3266613,1252.2666666666667,3981.866666666667,61621.333333333336
1684297985.376679,1198.9333333333334,4006.4,61674.666666666664
1684297985.4268088,1198.9333333333334,4055.4666666666667,61709.86666666667
1684297985.476964,1142.4,4113.066666666667,61729.066666666666
1684297985.5267045,1085.8666666666666,4099.2,61701.333333333336
1684297985.5770113,1195.7333333333333,4132.266666666666,61645.86666666667
1684297985.6269574,1250.1333333333334,4064.0,61611.73333333333
1684297985.6768126,1306.6666666666667,4109.866666666667,61361.066666666666
1684297985.7266889,1302.4,4136.533333333334,61376.0
1684297985.7766714,1302.4,4144.0,61401.6
1684297985.8266602,1303.4666666666667,4266.666666666667,61356.8
1684297985.8767529,1354.6666666666667,4258.133333333333,61216.0
1684297985.9267032,1409.0666666666666,4280.533333333334,61102.933333333334
1684297985.9766538,1409.0666666666666,4280.533333333334,61074.13333333333
1684297986.026681,1409.0666666666666,4249.6,61057.066666666666
1684297986.0767357,1415.4666666666667,4248.533333333334,61147.73333333333
1684297986.1270504,1436.8,4300.8,61134.933333333334
1684297986.1767042,1438.9333333333334,4272.0,61098.666666666664
1684297986.2267451,1438.9333333333334,4337.066666666667,61138.13333333333
1684297986.2767625,1440.0,4343.466666666666,61142.4
1684297986.326722,1440.0,4330.666666666667,61169.066666666666
1684297986.376673,1493.3333333333333,4340.266666666666,60992.0
1684297986.4266646,1492.2666666666667,4253.866666666667,61144.53333333333
1684297986.4767337,1492.2666666666667,4193.066666666667,61301.333333333336
1684297986.5268464,1545.6,4180.266666666666,61328.0
1684297986.5769837,1544.5333333333333,4180.266666666666,61541.333333333336
1684297986.62672,1544.5333333333333,4179.2,61552.0
1684297986.6767557,1545.6,4193.066666666667,61564.8
1684297986.7266686,1490.1333333333334,4193.066666666667,61619.2
1684297986.776689,1491.2,4173.866666666667,61677.86666666667
1684297986.8266516,1491.2,4187.733333333334,61662.933333333334
1684297986.8767889,1437.8666666666666,4066.133333333333,61847.46666666667
1684297986.9266565,1436.8,3943.4666666666667,61800.53333333333
1684297986.9766743,1434.6666666666667,3942.4,61784.53333333333
1684297987.0270116,1434.6666666666667,3910.4,61945.6
1684297987.0769055,1380.2666666666667,3922.133333333333,61964.8
1684297987.1266987,1322.6666666666667,3922.133333333333,61933.86666666667
1684297987.176702,1266.1333333333334,3902.9333333333334,61975.46666666667
1684297987.226672,1319.4666666666667,3957.3333333333335,61847.46666666667
1684297987.2767868,1317.3333333333333,3958.4,61795.2
1684297987.3267057,1317.3333333333333,3956.266666666667,61762.13333333333
1684297987.376672,1314.1333333333334,3955.2,61723.73333333333
1684297987.4266896,1313.0666666666666,3901.866666666667,61705.6
1684297987.476729,1313.0666666666666,3907.2,61730.13333333333
1684297987.5266836,1312.0,3907.2,61682.13333333333
1684297987.5769668,1365.3333333333333,3933.866666666667,61728.0
1684297987.6267395,1365.3333333333333,3987.2,61645.86666666667
1684297987.6767552,1420.8,4032.0,61416.53333333333
1684297987.7267048,1420.8,4084.266666666667,61399.46666666667
1684297987.7766533,1475.2,4135.466666666666,61189.333333333336
1684297987.8266792,1530.6666666666667,4181.333333333333,61008.0
1684297987.876743,1533.8666666666666,4174.933333333333,61008.0
1684297987.9266808,1653.3333333333333,4235.733333333334,60745.6
1684297987.9766605,1651.2,4241.066666666667,60702.933333333334
1684297988.0266514,1655.4666666666667,4234.666666666667,60757.333333333336
1684297988.076735,1655.4666666666667,4220.8,60810.666666666664
1684297988.1269777,1602.1333333333334,4153.6,60973.86666666667
1684297988.176693,1602.1333333333334,4152.533333333334,61003.73333333333
1684297988.2268853,1654.4,4154.666666666667,60858.666666666664
1684297988.2768226,1654.4,4174.933333333333,60860.8
1684297988.326677,1654.4,4136.533333333334,60918.4
1684297988.3766763,1652.2666666666667,4142.933333333333,60900.26666666667
1684297988.4266846,1652.2666666666667,4081.0666666666666,60858.666666666664
1684297988.4767547,1655.4666666666667,4013.866666666667,61081.6
1684297988.52665,1655.4666666666667,4013.866666666667,61113.6
1684297988.5769684,1545.6,4041.6,61169.066666666666
1684297988.6266904,1543.4666666666667,4124.8,60971.73333333333
1684297988.6767783,1485.8666666666666,4066.133333333333,61186.13333333333
1684297988.7266634,1484.8,4018.133333333333,61194.666666666664
1684297988.7766888,1483.7333333333333,4011.733333333333,61132.8
1684297988.8266475,1482.6666666666667,3889.0666666666666,61124.26666666667
1684297988.8767824,1427.2,3844.266666666667,61261.86666666667
1684297988.9266653,1371.7333333333333,3835.733333333333,61399.46666666667
1684297988.9766648,1371.7333333333333,3802.6666666666665,61405.86666666667
1684297989.026692,1318.4,3793.0666666666666,61609.6
1684297989.0767555,1310.9333333333334,3793.0666666666666,61586.13333333333
1684297989.126644,1288.5333333333333,3748.266666666667,61564.8
1684297989.176706,1340.8,3754.6666666666665,61572.26666666667
1684297989.2266545,1340.8,3755.733333333333,61528.53333333333
1684297989.2767584,1338.6666666666667,3762.133333333333,61512.53333333333
1684297989.326836,1340.8,3813.3333333333335,61261.86666666667
1684297989.376662,1287.4666666666667,3869.866666666667,61493.333333333336
1684297989.4266617,1288.5333333333333,3895.4666666666667,61585.066666666666
1684297989.476729,1344.0,3988.266666666667,61427.2
1684297989.5266893,1291.7333333333333,3980.8,61393.066666666666
1684297989.5769992,1292.8,3968.0,61393.066666666666
1684297989.6267364,1347.2,4029.866666666667,61380.26666666667
1684297989.6768043,1349.3333333333333,4017.0666666666666,61401.6
1684297989.726668,1354.6666666666667,4017.0666666666666,61367.46666666667
1684297989.77665,1350.4,3953.0666666666666,61328.0
1684297989.8269513,1349.3333333333333,3952.0,61344.0
1684297989.87703,1349.3333333333333,3944.5333333333333,61396.26666666667
1684297989.9270127,1348.2666666666667,3964.8,61382.4
1684297989.9763112,1348.2666666666667,3963.733333333333,61197.86666666667
1684297990.02634,1350.4,3990.4,61058.13333333333
1684297990.0767949,1349.3333333333333,4018.133333333333,61061.333333333336
1684297990.127067,1350.4,4017.0666666666666,61069.86666666667
1684297990.176699,1350.4,4110.933333333333,61061.333333333336
1684297990.22667,1297.0666666666666,4041.6,61207.46666666667
1684297990.2767558,1298.1333333333334,4093.866666666667,61264.0
1684297990.3267443,1299.2,4096.0,61284.26666666667
1684297990.3766613,1299.2,4098.133333333333,61301.333333333336
1684297990.4266698,1302.4,4034.133333333333,61320.53333333333
1684297990.4768145,1301.3333333333333,4083.2,61303.46666666667
1684297990.5267026,1301.3333333333333,4083.2,61351.46666666667
1684297990.5769725,1248.0,4028.8,61383.46666666667
1684297990.62673,1248.0,3969.0666666666666,61453.86666666667
1684297990.676753,1192.5333333333333,3911.4666666666667,61649.066666666666
1684297990.7266753,1244.8,3940.266666666667,61488.0
1684297990.7766862,1190.4,3888.0,61654.4
1684297990.82667,1133.8666666666666,3863.4666666666667,61814.4
1684297990.876741,1221.3333333333333,3923.2,61636.26666666667
1684297990.9266617,1102.9333333333334,3934.9333333333334,61898.666666666664
1684297990.9766805,1104.0,3964.8,61938.13333333333
1684297991.0266685,1100.8,3957.3333333333335,61916.8
1684297991.0767574,1100.8,3950.9333333333334,61870.933333333334
1684297991.126779,1099.7333333333333,3996.8,61923.2
1684297991.1766672,1098.6666666666667,3998.9333333333334,61950.933333333334
1684297991.2266474,1045.3333333333333,3926.4,62113.066666666666
1684297991.2767477,1102.9333333333334,3920.0,62135.46666666667
1684297991.3266702,1102.9333333333334,3968.0,62122.666666666664
1684297991.376666,1101.8666666666666,4026.6666666666665,62117.333333333336
1684297991.4267757,1210.6666666666667,4027.733333333333,62128.0
1684297991.4767697,1260.8,4017.0666666666666,62100.26666666667
1684297991.5268137,1260.8,4016.0,62072.53333333333
1684297991.5769923,1264.0,4014.9333333333334,62119.46666666667
1684297991.626693,1212.8,3961.6,62316.8
1684297991.6767313,1214.9333333333334,3959.4666666666667,62370.13333333333
1684297991.726697,1216.0,4019.2,62352.0
1684297991.7766635,1220.2666666666667,4012.8,62386.13333333333
1684297991.8266635,1225.6,4020.266666666667,62439.46666666667
1684297991.8769822,1280.0,4008.5333333333333,62429.86666666667
1684297991.9269948,1281.0666666666666,4002.133333333333,62375.46666666667
1684297991.9767091,1283.2,3989.3333333333335,62373.333333333336
1684297992.0269406,1282.1333333333334,4091.733333333333,62308.26666666667
1684297992.0769718,1283.2,4091.733333333333,62263.46666666667
1684297992.1267092,1336.5333333333333,4164.266666666666,62097.066666666666
1684297992.176667,1671.4666666666667,4171.733333333334,62096.0
1684297992.2266605,1997.8666666666666,4151.466666666666,62113.066666666666
1684297992.2767417,2548.266666666667,4219.733333333334,61955.2
1684297992.3266673,2965.3333333333335,4168.533333333334,62162.13333333333
1684297992.3766751,3383.4666666666667,4161.066666666667,62154.666666666664
1684297992.426648,3811.2,4162.133333333333,62107.73333333333
1684297992.4767299,4168.533333333334,4102.4,62235.73333333333
1684297992.5266497,4574.933333333333,4118.4,62273.066666666666
1684297992.576954,5030.4,4119.466666666666,62189.86666666667
1684297992.6266813,5357.866666666667,4071.4666666666667,62194.13333333333
1684297992.6767695,5739.733333333334,4070.4,62152.53333333333
1684297992.7266548,6123.733333333334,4071.4666666666667,62140.8
1684297992.776666,6519.466666666666,4082.133333333333,62156.8
1684297992.8266761,6983.466666666666,4142.933333333333,61937.066666666666
1684297992.87681,7403.733333333334,4142.933333333333,61940.26666666667
1684297992.926655,7819.733333333334,4135.466666666666,61926.4
1684297992.9766853,8222.933333333332,4189.866666666667,62082.13333333333
1684297993.026649,8611.2,4162.133333333333,62132.26666666667
1684297993.0767543,8993.066666666668,4148.266666666666,62089.6
1684297993.126671,9374.933333333332,4148.266666666666,62139.73333333333
1684297993.1766644,9750.4,4078.9333333333334,62089.6
1684297993.2269046,10126.933333333332,4080.0,62053.333333333336
1684297993.27682,10501.333333333334,4067.2,61947.73333333333
1684297993.3267186,10925.866666666667,4061.866666666667,61676.8
1684297993.376689,11350.4,4113.066666666667,61410.13333333333
1684297993.426666,11772.8,4116.266666666666,61275.73333333333
1684297993.476876,12140.8,4055.4666666666667,61179.73333333333
1684297993.5266871,12565.333333333334,4116.266666666666,60851.2
1684297993.5769916,12932.266666666666,4218.666666666667,60725.333333333336
1684297993.6267035,13300.266666666666,4273.066666666667,60652.8
1684297993.6767335,13809.066666666668,4359.466666666666,60428.8
1684297993.7266881,14125.866666666667,4338.133333333333,60484.26666666667
1684297993.7766564,14494.933333333332,4371.2,60402.13333333333
1684297993.8267033,14872.533333333333,4403.2,60339.2
1684297993.8767335,15149.866666666667,4395.733333333334,60404.26666666667
1684297993.9266884,15521.066666666668,4475.733333333334,60318.933333333334
1684297993.9766462,15892.266666666666,4536.533333333334,60186.666666666664
1684297994.0267022,16259.2,4589.866666666667,60039.46666666667
1684297994.0767367,16627.2,4624.0,59900.8
1684297994.1266859,16995.2,4578.133333333333,59713.066666666666
1684297994.176657,17365.333333333332,4589.866666666667,59523.2
1684297994.2266457,17788.8,4666.666666666667,59223.46666666667
1684297994.276719,18093.866666666665,4679.466666666666,59073.066666666666
1684297994.3268497,18456.533333333333,4613.333333333333,58861.86666666667
1684297994.3766773,18821.333333333332,4610.133333333333,58689.066666666666
1684297994.42665,19076.266666666666,4596.266666666666,58489.6
1684297994.4767363,19386.666666666668,4553.6,58323.2
1684297994.5266547,19750.4,4561.066666666667,58129.066666666666
1684297994.5769615,20110.933333333334,4555.733333333334,57929.6
1684297994.626692,20474.666666666668,4549.333333333333,57716.26666666667
1684297994.6767507,20840.533333333333,4537.6,57444.26666666667
1684297994.7266543,21195.733333333334,4518.4,57229.86666666667
1684297994.776673,21555.2,4504.533333333334,56968.53333333333
1684297994.826646,21913.6,4544.0,56678.4
1684297994.8767757,22217.6,4555.733333333334,56513.066666666666
1684297994.9269753,22629.333333333332,4535.466666666666,56365.86666666667
1684297994.9767554,22983.466666666667,4540.8,56205.86666666667
1684297995.0266654,23339.733333333334,4418.133333333333,56052.26666666667
1684297995.0767853,23698.133333333335,4465.066666666667,55669.333333333336
1684297995.1266751,24003.2,4404.266666666666,55637.333333333336
1684297995.176668,23972.266666666666,4435.2,55462.4
1684297995.2266612,24059.733333333334,4417.066666666667,55048.53333333333
1684297995.2767591,23867.733333333334,4343.466666666666,54973.86666666667
1684297995.3266668,23862.4,4441.6,54630.4
1684297995.3767579,23789.866666666665,4853.333333333333,54389.333333333336
1684297995.4266546,23780.266666666666,5534.933333333333,54185.6
1684297995.4767165,23729.066666666666,6305.066666666667,54004.26666666667
1684297995.526667,23691.733333333334,7045.333333333333,53803.73333333333
1684297995.5772169,23598.933333333334,7874.133333333333,53657.6
1684297995.626683,23580.8,8734.933333333332,53548.8
1684297995.6767833,23558.4,9563.733333333334,53418.666666666664
1684297995.7266796,23532.8,10456.533333333333,53258.666666666664
1684297995.776655,23502.933333333334,11258.666666666666,53070.933333333334
1684297995.8266616,23401.6,11944.533333333333,53130.666666666664
1684297995.8767314,23346.133333333335,12841.6,52939.73333333333
1684297995.926671,23293.866666666665,13674.666666666666,52737.066666666666
1684297995.9766421,23255.466666666667,14352.0,52573.86666666667
1684297996.026683,23293.866666666665,14964.266666666666,52261.333333333336
1684297996.076829,23270.4,14978.133333333333,52076.8
1684297996.1267076,23244.8,14963.2,51877.333333333336
1684297996.1766646,23227.733333333334,14969.6,51683.2
1684297996.2266512,23207.466666666667,14955.733333333334,51488.0
1684297996.2769752,23191.466666666667,14942.933333333332,51339.73333333333
1684297996.3271177,23128.533333333333,15006.933333333332,51227.73333333333
1684297996.376328,23060.266666666666,14939.733333333334,51267.2
1684297996.426586,22992.0,14961.066666666668,51203.2
1684297996.4769642,23054.933333333334,14999.466666666667,50929.066666666666
1684297996.5270631,22981.333333333332,15046.4,50844.8
1684297996.5770307,22973.866666666665,15010.133333333333,50574.933333333334
1684297996.62673,22955.733333333334,14983.466666666667,50450.13333333333
1684297996.6770144,22803.2,14874.666666666666,50288.0
1684297996.7269967,22791.466666666667,14868.266666666666,50139.73333333333
1684297996.7765965,22782.933333333334,14822.4,50022.4
1684297996.8263245,22763.733333333334,14742.4,49736.53333333333
1684297996.876367,22756.266666666666,14676.266666666666,49589.333333333336
1684297996.9262638,22741.333333333332,14530.133333333333,49475.2
1684297996.976698,22729.6,14469.333333333334,49427.2
1684297997.026929,22835.2,14398.933333333332,49324.8
1684297997.0768013,22824.533333333333,14379.733333333334,49081.6
1684297997.1266575,22816.0,14510.933333333332,49030.4
1684297997.176697,22798.933333333334,14603.733333333334,48916.26666666667
1684297997.226669,22954.666666666668,14611.2,48957.86666666667
1684297997.27679,22964.266666666666,14643.2,49083.73333333333
1684297997.3266594,23020.8,14686.933333333332,49064.53333333333
1684297997.376677,23057.066666666666,14672.0,49221.333333333336
1684297997.4271977,23031.466666666667,14685.866666666667,49453.86666666667
1684297997.4777844,22668.8,14662.4,49592.53333333333
1684297997.5254533,22308.266666666666,14662.4,49865.6
1684297997.5755246,21944.533333333333,14610.133333333333,50038.4
1684297997.6260414,21630.933333333334,14622.933333333332,50064.0
1684297997.6760604,21316.266666666666,14688.0,50284.8
1684297997.7266932,20961.066666666666,14674.133333333333,50462.933333333334
1684297997.7766714,20598.4,14686.933333333332,50714.666666666664
1684297997.8266733,20289.066666666666,14680.533333333333,50982.4
1684297997.8767526,19930.666666666668,14695.466666666667,51146.666666666664
1684297997.9266675,19518.933333333334,14708.266666666666,51290.666666666664
1684297997.9766626,19216.0,14836.266666666666,51332.26666666667
1684297998.0267777,18859.733333333334,14842.666666666666,51506.13333333333
1684297998.0767694,18501.333333333332,14835.2,51957.333333333336
1684297998.1267195,18198.4,14869.333333333334,51977.6
1684297998.176661,17840.0,14818.133333333333,52144.0
1684297998.2269762,17427.2,14790.4,52523.73333333333
1684297998.276816,17069.866666666665,14857.6,52590.933333333334
1684297998.326714,16656.0,14759.466666666667,52926.933333333334
1684297998.3766596,16313.6,14265.6,53146.666666666664
1684297998.4266841,15895.466666666667,13584.0,53337.6
1684297998.4767408,15534.933333333332,12795.733333333334,53509.333333333336
1684297998.527561,15221.333333333334,12067.2,53689.6
1684297998.5767765,14858.666666666666,11444.266666666666,53936.0
1684297998.6263955,14494.933333333332,10602.666666666666,54033.066666666666
1684297998.6760623,14133.333333333334,9780.266666666666,54225.066666666666
1684297998.725997,13769.6,8906.666666666666,54404.26666666667
1684297998.7766917,13406.933333333332,8118.4,54593.066666666666
1684297998.8266613,13045.333333333334,7420.8,54756.26666666667
1684297998.876756,12680.533333333333,6644.266666666666,54937.6
1684297998.926655,12318.933333333332,5797.333333333333,55194.666666666664
1684297998.9770322,11961.6,5118.933333333333,55436.8
1684297999.027028,11533.866666666667,4486.4,55760.0
1684297999.0768418,11175.466666666667,4468.266666666666,56024.53333333333
1684297999.1266952,10874.666666666666,4536.533333333334,56003.2
1684297999.1767163,10569.6,4537.6,56211.2
1684297999.226665,10323.2,4553.6,56398.933333333334
1684297999.2769122,9964.8,4574.933333333333,56622.933333333334
1684297999.3268673,9603.2,4522.666666666667,57000.53333333333
1684297999.376727,9302.4,4539.733333333334,57243.73333333333
1684297999.4266527,8949.333333333334,4553.6,57460.26666666667
1684297999.476802,8519.466666666667,4507.733333333334,57789.86666666667
1684297999.5266812,8169.6,4638.933333333333,58221.86666666667
1684297999.5770159,7810.133333333333,4600.533333333334,58609.066666666666
1684297999.6267133,7460.266666666666,4606.933333333333,58834.13333333333
1684297999.6767824,7102.933333333333,4596.266666666666,59254.4
1684297999.7266672,6745.6,4542.933333333333,59511.46666666667
1684297999.7766793,6393.6,4628.266666666666,59737.6
1684297999.8266578,6036.266666666666,4662.4,60131.2
1684297999.8767502,5676.8,4728.533333333334,60347.73333333333
1684297999.926877,5321.6,4722.133333333333,60565.333333333336
1684297999.9767094,4962.133333333333,4716.8,60728.53333333333
1684298000.0266736,4488.533333333334,4741.333333333333,60992.0
1684298000.0767615,4181.333333333333,4730.666666666667,61390.933333333334
1684298000.126665,3822.9333333333334,4585.6,61574.4
1684298000.1766427,3470.9333333333334,4455.466666666666,61853.86666666667
1684298000.2266614,2892.8,4403.2,62103.46666666667
1684298000.2767184,2521.6,4338.133333333333,62125.86666666667
1684298000.3266907,2102.4,4308.266666666666,62300.8
1684298000.3766363,1701.3333333333333,4253.866666666667,62288.0
1684298000.4266644,1363.2,4294.4,62266.666666666664
1684298000.4767225,1363.2,4332.8,62311.46666666667
1684298000.526686,1360.0,4325.333333333333,62261.333333333336
1684298000.5771143,1360.0,4391.466666666666,62208.0
1684298000.6268513,1308.8,4430.933333333333,62195.2
1684298000.6769142,1312.0,4452.266666666666,62224.0
1684298000.7267492,1310.9333333333334,4472.533333333334,62149.333333333336
1684298000.7766666,1435.7333333333333,4523.733333333334,62151.46666666667
1684298000.8266582,1382.4,4484.266666666666,62121.6
1684298000.8767545,1438.9333333333334,4486.4,62114.13333333333
1684298000.92666,1495.4666666666667,4540.8,61986.13333333333
1684298000.9766521,1496.5333333333333,4414.933333333333,61966.933333333334
1684298001.0269132,1497.6,4414.933333333333,61943.46666666667
1684298001.0767925,1501.8666666666666,4670.933333333333,61943.46666666667
1684298001.126803,1450.6666666666667,4637.866666666667,62142.933333333334
1684298001.1766582,1504.0,4638.933333333333,62170.666666666664
1684298001.2266705,1505.0666666666666,4678.4,62238.933333333334
1684298001.2767477,1505.0666666666666,4610.133333333333,62374.4
1684298001.3266573,1559.4666666666667,4711.466666666666,62265.6
1684298001.3766618,1556.2666666666667,4755.2,62281.6
1684298001.426807,1555.2,4746.666666666667,62294.4
1684298001.476754,1555.2,4739.2,62281.6
1684298001.5268147,1499.7333333333333,4726.4,62311.46666666667
1684298001.57676,1499.7333333333333,4570.666666666667,62311.46666666667
1684298001.6268973,1553.0666666666666,4521.6,62181.333333333336
1684298001.676747,1553.0666666666666,4515.2,62165.333333333336
1684298001.7266643,1554.1333333333334,4474.666666666667,62118.4
1684298001.7766778,1554.1333333333334,4482.133333333333,62104.53333333333
1684298001.8266358,1554.1333333333334,4419.2,62110.933333333334
1684298001.8767426,1558.4,4312.533333333334,62102.4
1684298001.926649,1558.4,4332.8,62062.933333333334
1684298001.9766672,1552.0,4321.066666666667,62062.933333333334
1684298002.0270786,1553.0666666666666,4393.6,62006.4
1684298002.0768597,1553.0666666666666,4391.466666666666,61939.2
1684298002.1266665,1498.6666666666667,4396.8,62148.26666666667
1684298002.1766958,1446.4,4389.333333333333,62158.933333333334
1684298002.2266436,1337.6,4453.333333333333,62202.666666666664
1684298002.2767437,1337.6,4406.4,62215.46666666667
1684298002.3267066,1336.5333333333333,4400.0,62228.26666666667
1684298002.3766546,1282.1333333333334,4404.266666666666,62215.46666666667
1684298002.4270873,1335.4666666666667,4398.933333333333,62213.333333333336
1684298002.477718,1341.8666666666666,4391.466666666666,62220.8
1684298002.5248575,1346.1333333333334,4182.4,62220.8
1684298002.5746763,1346.1333333333334,4244.266666666666,62229.333333333336
1684298002.624753,1346.1333333333334,4216.533333333334,62270.933333333334
1684298002.6746688,1347.2,4224.0,62237.86666666667
1684298002.724596,1347.2,4225.066666666667,62274.13333333333
1684298002.7745833,1340.8,4186.666666666667,62272.0
1684298002.8247848,1340.8,4199.466666666666,62216.53333333333
1684298002.8748245,1340.8,4194.133333333333,62216.53333333333
1684298002.9246495,1392.0,4260.266666666666,62234.666666666664
1684298002.9746053,1392.0,4312.533333333334,62276.26666666667
1684298003.024586,1393.0666666666666,4357.333333333333,62032.0
1684298003.074656,1396.2666666666667,4377.6,62053.333333333336
1684298003.1247797,1395.2,4418.133333333333,62023.46666666667
1684298003.1746013,1395.2,4439.466666666666,61911.46666666667
1684298003.226892,1394.1333333333334,4432.0,61894.4
1684298003.276799,1397.3333333333333,4438.4,61915.73333333333
1684298003.3267076,1398.4,4429.866666666667,61940.26666666667
1684298003.3766444,1399.4666666666667,4429.866666666667,61986.13333333333
1684298003.4267523,1453.8666666666666,4465.066666666667,61806.933333333334
1684298003.4767601,1453.8666666666666,4464.0,61764.26666666667
1684298003.5275059,1453.8666666666666,4517.333333333333,61497.6
1684298003.5762336,1453.8666666666666,4464.0,61383.46666666667
1684298003.6262145,1452.8,4410.666666666667,61593.6
1684298003.676383,1399.4666666666667,4359.466666666666,61616.0
1684298003.7263472,1401.6,4320.0,61747.2
1684298003.776674,1276.8,4268.8,61730.13333333333
1684298003.8266873,1275.7333333333333,4275.2,61755.73333333333
1684298003.8767412,1220.2666666666667,4265.6,61747.2
1684298003.9267,1163.7333333333333,4276.266666666666,61883.73333333333
1684298003.9766574,1162.6666666666667,4334.933333333333,61878.4
1684298004.0267067,1162.6666666666667,4336.0,61894.4
1684298004.0767372,1158.4,4027.733333333333,61865.6
1684298004.1266835,1155.2,4074.6666666666665,61830.4
1684298004.1766398,1102.9333333333334,4072.5333333333333,61848.53333333333
1684298004.2268414,1101.8666666666666,4011.733333333333,61864.53333333333
1684298004.2767587,1101.8666666666666,4011.733333333333,61927.46666666667
1684298004.3268857,1048.5333333333333,3982.9333333333334,61866.666666666664
1684298004.3766718,1050.6666666666667,3975.4666666666667,61860.26666666667
1684298004.4266536,1051.7333333333333,3976.5333333333333,61840.0
1684298004.4767458,1051.7333333333333,4036.266666666667,61756.8
1684298004.5266557,1051.7333333333333,4086.4,61691.73333333333
1684298004.5766869,1051.7333333333333,4074.6666666666665,61624.53333333333
1684298004.6268666,1001.6,4099.2,61812.26666666667
1684298004.676746,1112.5333333333333,4092.8,61788.8
1684298004.7266605,1168.0,4167.466666666666,61633.066666666666
1684298004.7766714,1222.4,4155.733333333334,61650.13333333333
1684298004.8266528,1222.4,4258.133333333333,61650.13333333333
1684298004.8769472,1220.2666666666667,4244.266666666666,61675.73333333333
1684298004.926904,1220.2666666666667,4224.0,61745.066666666666
1684298004.9766974,1220.2666666666667,4170.666666666667,61718.4
1684298005.026686,1219.2,4104.533333333334,61801.6
1684298005.0767925,1219.2,4103.466666666666,61862.4
1684298005.1266627,1219.2,4030.9333333333334,61859.2
1684298005.1766672,1219.2,4029.866666666667,61869.86666666667
1684298005.2266505,1270.4,3972.266666666667,61845.333333333336
1684298005.2767873,1270.4,3991.4666666666667,61832.53333333333
1684298005.3267348,1271.4666666666667,3990.4,61787.73333333333
1684298005.3766522,1324.8,4089.6,61641.6
1684298005.4266748,1268.2666666666667,4080.0,61614.933333333334
1684298005.4767087,1261.8666666666666,4160.0,61623.46666666667
1684298005.5266786,1257.6,4205.866666666667,61545.6
1684298005.5766664,1257.6,4129.066666666667,61511.46666666667
1684298005.626901,1257.6,4195.2,61461.333333333336
1684298005.6767492,1257.6,4174.933333333333,61453.86666666667
1684298005.72668,1257.6,4187.733333333334,61434.666666666664
1684298005.7766345,1258.6666666666667,4139.733333333334,61442.13333333333
1684298005.82667,1258.6666666666667,4126.933333333333,61472.0
1684298005.8767126,1258.6666666666667,4051.2,61464.53333333333
1684298005.9266484,1257.6,4000.0,61410.13333333333
1684298005.9766378,1257.6,3946.6666666666665,61341.86666666667
1684298006.026651,1257.6,3901.866666666667,61569.066666666666
1684298006.0767186,1254.4,3910.4,61552.0
1684298006.1266768,1254.4,3916.8,61553.066666666666
1684298006.1766315,1254.4,3940.266666666667,61675.73333333333
1684298006.2266302,1254.4,3940.266666666667,61681.066666666666
1684298006.276696,1251.2,4217.6,61693.86666666667
1684298006.32671,1250.1333333333334,4272.0,61575.46666666667
1684298006.3766682,1250.1333333333334,4345.6,61542.4
1684298006.4266262,1195.7333333333333,4490.666666666667,61754.666666666664
1684298006.476731,1252.2666666666667,4483.2,61660.8
1684298006.5268111,1252.2666666666667,4530.133333333333,61972.26666666667
1684298006.5767372,1253.3333333333333,4523.733333333334,62089.6
1684298006.6268828,1253.3333333333333,4523.733333333334,62080.0
1684298006.6767735,1253.3333333333333,4487.466666666666,62064.0
1684298006.7266533,1255.4666666666667,4488.533333333334,62061.86666666667
1684298006.7766569,1307.7333333333333,4549.333333333333,61989.333333333336
1684298006.8266556,1308.8,4562.133333333333,61994.666666666664
1684298006.8767376,1309.8666666666666,4562.133333333333,62054.4
1684298006.9266567,1310.9333333333334,4544.0,62103.46666666667
1684298006.976631,1257.6,4503.466666666666,62312.53333333333
1684298007.0269406,1256.5333333333333,4568.533333333334,62298.666666666664
1684298007.0767908,1256.5333333333333,4649.6,62267.73333333333
1684298007.1266832,1256.5333333333333,4582.4,62311.46666666667
1684298007.176642,1259.7333333333333,4634.666666666667,62317.86666666667
1684298007.2266479,1259.7333333333333,4654.933333333333,62242.13333333333
1684298007.2767045,1260.8,4656.0,62213.333333333336
1684298007.3266897,1313.0666666666666,4561.066666666667,62398.933333333334
1684298007.3766704,1310.9333333333334,4562.133333333333,62387.2
1684298007.426671,1310.9333333333334,4561.066666666667,62452.26666666667
1684298007.476699,1365.3333333333333,4488.533333333334,62379.73333333333
1684298007.5266788,1365.3333333333333,4437.333333333333,62413.86666666667
1684298007.576686,1365.3333333333333,4428.8,62462.933333333334
1684298007.6268964,1414.4,4442.666666666667,62442.666666666664
1684298007.676743,1303.4666666666667,4441.6,62432.0
1684298007.726682,1248.0,4402.133333333333,62605.86666666667
1684298007.7766352,1193.6,4400.0,62587.73333333333
1684298007.8266382,1193.6,4364.8,62578.13333333333
1684298007.8767092,1196.8,4372.266666666666,62562.13333333333
1684298007.9266684,1196.8,4373.333333333333,62494.933333333334
1684298007.9766371,1196.8,4387.2,62458.666666666664
1684298008.026633,1251.2,4497.066666666667,62289.066666666666
1684298008.0766938,1251.2,4499.2,62292.26666666667
1684298008.126639,1251.2,4489.6,62270.933333333334
1684298008.176663,1304.5333333333333,4563.2,62298.666666666664
1684298008.226848,1308.8,4556.8,62294.4
1684298008.2768173,1364.2666666666667,4557.866666666667,62305.066666666666
1684298008.3267105,1420.8,4678.4,62165.333333333336
1684298008.376671,1367.4666666666667,4604.8,62151.46666666667
1684298008.4266527,1424.0,4658.133333333333,61973.333333333336
1684298008.4767454,1480.5333333333333,4626.133333333333,62004.26666666667
1684298008.526645,1536.0,4574.933333333333,62002.13333333333
1684298008.57669,1539.2,4576.0,62007.46666666667
1684298008.6268582,1539.2,4617.6,61954.13333333333
1684298008.6767535,1541.3333333333333,4617.6,61965.86666666667
1684298008.7266448,1593.6,4716.8,61778.13333333333
1684298008.7766287,1592.5333333333333,4732.8,61740.8
1684298008.8266308,1592.5333333333333,4725.333333333333,61799.46666666667
1684298008.8767288,1645.8666666666666,4733.866666666667,61821.86666666667
1684298008.9266534,1594.6666666666667,4726.4,61877.333333333336
1684298008.9766347,1594.6666666666667,4725.333333333333,61945.6
1684298009.0266857,1594.6666666666667,4758.4,61939.2
1684298009.0767064,1544.5333333333333,4750.933333333333,61969.066666666666
1684298009.1266894,1544.5333333333333,4744.533333333334,61998.933333333334
1684298009.1766934,1544.5333333333333,4738.133333333333,62012.8
1684298009.2267199,1545.6,4737.066666666667,61971.2
1684298009.2767024,1546.6666666666667,4480.0,61978.666666666664
1684298009.3268769,1547.7333333333333,4492.8,61926.4
1684298009.3766484,1547.7333333333333,4445.866666666667,61924.26666666667
1684298009.4266775,1601.0666666666666,4233.6,61740.8
1684298009.4769511,1544.5333333333333,4290.133333333333,61738.666666666664
1684298009.5271175,1544.5333333333333,4323.2,61523.2
1684298009.5763822,1543.4666666666667,4316.8,61540.26666666667
1684298009.626562,1543.4666666666667,4356.266666666666,61544.53333333333
1684298009.6767747,1541.3333333333333,4362.666666666667,61513.6
1684298009.726656,1538.1333333333334,4416.0,61525.333333333336
1684298009.7769303,1485.8666666666666,4407.466666666666,61427.2
1684298009.8266804,1485.8666666666666,4394.666666666667,61383.46666666667
1684298009.8767836,1484.8,4516.266666666666,61346.13333333333
1684298009.9268997,1483.7333333333333,4470.4,61293.86666666667
1684298009.9767184,1484.8,4526.933333333333,61306.666666666664
1684298010.0266562,1484.8,4460.8,61388.8
1684298010.076746,1541.3333333333333,4459.733333333334,61252.26666666667
1684298010.1266532,1595.7333333333333,4461.866666666667,61018.666666666664
1684298010.1766427,1592.5333333333333,4503.466666666666,61029.333333333336
1684298010.2266347,1592.5333333333333,4568.533333333334,60968.53333333333
1684298010.2767122,1646.9333333333334,4648.533333333334,60953.6
1684298010.3266437,1649.0666666666666,4682.666666666667,60937.6
1684298010.3766685,1650.1333333333334,4669.866666666667,60972.8
1684298010.426625,1704.5333333333333,4725.333333333333,60964.26666666667
1684298010.476749,1653.3333333333333,4730.666666666667,61185.066666666666
1684298010.5266469,1657.6,4732.8,61211.73333333333
1684298010.576694,1657.6,4701.866666666667,61211.73333333333
1684298010.6268747,1605.3333333333333,4688.0,61210.666666666664
1684298010.6767244,1606.4,4688.0,61274.666666666664
1684298010.726687,1606.4,4646.4,61289.6
1684298010.776666,1606.4,4646.4,61296.0
1684298010.826633,1659.7333333333333,4641.066666666667,61142.4
1684298010.8767276,1655.4666666666667,4661.333333333333,61129.6
1684298010.9266505,1655.4666666666667,4661.333333333333,61185.066666666666
1684298010.976627,1655.4666666666667,4681.6,61203.2
1684298011.0266538,1601.0666666666666,4565.333333333333,61372.8
1684298011.0766933,1601.0666666666666,4635.733333333334,61374.933333333334
1684298011.1267195,1601.0666666666666,4733.866666666667,61307.73333333333
1684298011.1766276,1547.7333333333333,4661.333333333333,61267.2
1684298011.2266695,1492.2666666666667,4660.266666666666,61245.86666666667
1684298011.276707,1437.8666666666666,4638.933333333333,61264.0
1684298011.3267226,1381.3333333333333,4538.666666666667,61434.666666666664
1684298011.3766334,1383.4666666666667,4487.466666666666,61616.0
1684298011.4266627,1326.9333333333334,4434.133333333333,61778.13333333333
1684298011.4767008,1270.4,4373.333333333333,61757.86666666667
1684298011.5272455,1214.9333333333334,4366.933333333333,61837.86666666667
1684298011.576824,1211.7333333333333,4366.933333333333,61853.86666666667
1684298011.6269202,1211.7333333333333,4345.6,61735.46666666667
1684298011.6767492,1209.6,4344.533333333334,61697.066666666666
1684298011.7266817,1157.3333333333333,4270.933333333333,61875.2
1684298011.7766445,1156.2666666666667,4288.0,61911.46666666667
1684298011.8266382,1156.2666666666667,4286.933333333333,61898.666666666664
1684298011.8767269,1102.9333333333334,4418.133333333333,61885.86666666667
1684298011.926633,1102.9333333333334,4411.733333333334,61898.666666666664
1684298011.9766655,1104.0,4529.066666666667,61895.46666666667
1684298012.0269477,1105.0666666666666,4488.533333333334,61918.933333333334
1684298012.076796,1114.6666666666667,4483.2,61944.53333333333
1684298012.1266577,1115.7333333333333,4419.2,61925.333333333336
1684298012.1766686,1171.2,4477.866666666667,61728.0
1684298012.2266457,1283.2,4538.666666666667,61528.53333333333
1684298012.2767239,1285.3333333333333,4526.933333333333,61522.13333333333
1684298012.3266327,1288.5333333333333,4472.533333333334,61692.8
1684298012.3766594,1344.0,4487.466666666666,61717.333333333336
1684298012.4266324,1292.8,4500.266666666666,61874.13333333333
1684298012.47674,1293.8666666666666,4437.333333333333,62029.86666666667
1684298012.5266428,1294.9333333333334,4363.733333333334,62225.066666666666
1684298012.5766668,1294.9333333333334,4375.466666666666,62211.2
1684298012.6268904,1294.9333333333334,4402.133333333333,62241.066666666666
1684298012.6767578,1294.9333333333334,4417.066666666667,62259.2
1684298012.7266479,1294.9333333333334,4349.866666666667,62260.26666666667
1684298012.776621,1346.1333333333334,4313.6,62357.333333333336
1684298012.82669,1346.1333333333334,4314.666666666667,62384.0
1684298012.8767204,1346.1333333333334,4193.066666666667,62386.13333333333
1684298012.9266505,1399.4666666666667,4232.533333333334,62242.13333333333
1684298012.9766302,1398.4,4169.6,62216.53333333333
1684298013.0266593,1398.4,4168.533333333334,62188.8
1684298013.076685,1341.8666666666666,4121.6,62334.933333333334
1684298013.1266723,1287.4666666666667,4119.466666666666,62521.6
1684298013.1766164,1289.6,4065.0666666666666,62523.73333333333
1684298013.2269416,1344.0,4020.266666666667,62636.8
1684298013.2767968,1288.5333333333333,3992.5333333333333,62634.666666666664
1684298013.326695,1235.2,3987.2,62685.86666666667
1684298013.376647,1234.1333333333334,3986.133333333333,62636.8
1684298013.42665,1179.7333333333333,3978.6666666666665,62620.8
1684298013.4767454,1177.6,3978.6666666666665,62631.46666666667
1684298013.5266454,1173.3333333333333,4017.0666666666666,62597.333333333336
1684298013.5766678,1173.3333333333333,4002.133333333333,62590.933333333334
1684298013.6268747,1174.4,4054.4,62402.13333333333
1684298013.6767273,1173.3333333333333,4054.4,62333.86666666667
1684298013.7266402,1173.3333333333333,4056.5333333333333,62356.26666666667
1684298013.7766364,1173.3333333333333,4056.5333333333333,62396.8
1684298013.8266244,1120.0,3994.6666666666665,62581.333333333336
1684298013.8767035,1176.5333333333333,3987.2,62574.933333333334
1684298013.9266548,1176.5333333333333,4038.4,62586.666666666664
1684298013.976666,1234.1333333333334,4090.6666666666665,62412.8
1684298014.026656,1288.5333333333333,4142.933333333333,62153.6
1684298014.076736,1341.8666666666666,4099.2,62154.666666666664
1684298014.126642,1341.8666666666666,4044.8,62222.933333333334
1684298014.1766455,1450.6666666666667,4044.8,62235.73333333333
1684298014.2266228,1506.1333333333334,4052.266666666667,62251.73333333333
1684298014.276717,1508.2666666666667,4052.266666666667,62256.0
1684298014.3268452,1510.4,4090.6666666666665,62247.46666666667
1684298014.376676,1509.3333333333333,4109.866666666667,62281.6
1684298014.4266517,1510.4,4109.866666666667,62316.8
1684298014.4767482,1510.4,4177.066666666667,62178.13333333333
1684298014.5266519,1511.4666666666667,4167.466666666666,62163.2
1684298014.5767534,1511.4666666666667,4166.4,62150.4
1684298014.626868,1564.8,4073.6,62326.4
1684298014.6767185,1564.8,4073.6,62345.6
1684298014.7266495,1566.9333333333334,4061.866666666667,62387.2
1684298014.7766328,1566.9333333333334,4056.5333333333333,62348.8
1684298014.8266554,1566.9333333333334,4057.6,62317.86666666667
1684298014.8767118,1570.1333333333334,3959.4666666666667,62360.53333333333
1684298014.9269075,1570.1333333333334,3958.4,62301.86666666667
1684298014.9766858,1569.0666666666666,3914.6666666666665,62290.13333333333
1684298015.0266771,1621.3333333333333,3981.866666666667,62096.0
1684298015.0767167,1611.7333333333333,3974.4,62052.26666666667
1684298015.1266704,1610.6666666666667,4005.3333333333335,62057.6
1684298015.1766376,1555.2,4009.6,62257.066666666666
1684298015.2266455,1444.2666666666667,3970.133333333333,62468.26666666667
1684298015.2766957,1442.1333333333334,3941.3333333333335,62466.13333333333
1684298015.3266537,1437.8666666666666,3928.5333333333333,62509.86666666667
1684298015.3766172,1382.4,3886.9333333333334,62487.46666666667
1684298015.4266112,1382.4,3879.4666666666667,62467.2
1684298015.4766865,1381.3333333333333,3879.4666666666667,62411.73333333333
1684298015.5266619,1380.2666666666667,3818.6666666666665,62404.26666666667
1684298015.5766678,1383.4666666666667,3826.133333333333,62477.86666666667
1684298015.626865,1437.8666666666666,3776.0,62469.333333333336
1684298015.6773965,1437.8666666666666,3788.8,62277.333333333336
1684298015.7270386,1444.2666666666667,3787.733333333333,62277.333333333336
1684298015.776007,1394.1333333333334,3836.8,62386.13333333333
1684298015.8261757,1448.5333333333333,3828.266666666667,62365.86666666667
1684298015.8769784,1450.6666666666667,3899.733333333333,62372.26666666667
1684298015.9267242,1452.8,3860.266666666667,62542.933333333334
1684298015.9766536,1508.2666666666667,3848.5333333333333,62568.53333333333
1684298016.026677,1511.4666666666667,3896.5333333333333,62596.26666666667
1684298016.0767426,1512.5333333333333,3877.3333333333335,62622.933333333334
1684298016.1269193,1512.5333333333333,3877.3333333333335,62633.6
1684298016.1767054,1511.4666666666667,3810.133333333333,62616.53333333333
1684298016.2266326,1457.0666666666666,3796.266666666667,62640.0
1684298016.2767603,1459.2,3741.866666666667,62649.6
1684298016.3266633,1457.0666666666666,3756.8,62608.0
1684298016.3766308,1457.0666666666666,3756.8,62654.933333333334
1684298016.4266248,1510.4,3817.6,62550.4
1684298016.4767363,1509.3333333333333,3838.9333333333334,62523.73333333333
1684298016.5267935,1509.3333333333333,3845.3333333333335,62529.066666666666
1684298016.5767298,1509.3333333333333,3939.2,62480.0
1684298016.6268785,1508.2666666666667,3878.4,62652.8
1684298016.676753,1509.3333333333333,3957.3333333333335,62712.53333333333
1684298016.7266612,1509.3333333333333,3989.3333333333335,62734.933333333334
1684298016.7766337,1509.3333333333333,4042.6666666666665,62665.6
1684298016.82665,1512.5333333333333,4036.266666666667,62650.666666666664
1684298016.876708,1456.0,4030.9333333333334,62630.4
1684298016.9266446,1456.0,3979.733333333333,62613.333333333336
1684298016.976629,1450.6666666666667,3886.9333333333334,62749.86666666667
1684298017.0270872,1396.2666666666667,3884.8,63012.26666666667
1684298017.0767968,1342.9333333333334,3883.733333333333,62968.53333333333
1684298017.1266944,1396.2666666666667,3944.5333333333333,62792.53333333333
1684298017.17663,1288.5333333333333,3943.4666666666667,62792.53333333333
1684298017.2266324,1233.0666666666666,3955.2,62774.4
1684298017.2767003,1229.8666666666666,4016.0,62766.933333333334
1684298017.3266819,1227.7333333333333,4010.6666666666665,62744.53333333333
1684298017.3766272,1228.8,4022.4,62728.53333333333
1684298017.42665,1227.7333333333333,4023.4666666666667,62699.73333333333
1684298017.4767046,1227.7333333333333,3977.6,62859.73333333333
1684298017.5266778,1229.8666666666666,3977.6,62874.666666666664
1684298017.5766675,1229.8666666666666,4041.6,62892.8
1684298017.6269128,1179.7333333333333,4028.8,62934.4
1684298017.676759,1179.7333333333333,4028.8,62909.86666666667
1684298017.7266877,1242.6666666666667,4048.0,62704.0
1684298017.776646,1297.0666666666666,4106.666666666667,62569.6
1684298017.8266644,1352.5333333333333,4228.266666666666,62400.0
1684298017.8767414,1349.3333333333333,4242.133333333333,62357.333333333336
1684298017.9266734,1401.6,4244.266666666666,62359.46666666667
1684298017.9766343,1456.0,4219.733333333334,62374.4
1684298018.0266314,1405.8666666666666,4166.4,62560.0
1684298018.0767217,1405.8666666666666,4165.333333333333,62579.2
1684298018.126637,1405.8666666666666,4231.466666666666,62641.066666666666
1684298018.1766593,1405.8666666666666,4155.733333333334,62641.066666666666
1684298018.22685,1405.8666666666666,4168.533333333334,62691.2
1684298018.2768097,1404.8,4260.266666666666,62702.933333333334
1684298018.3270123,1404.8,4261.333333333333,62644.26666666667
1684298018.376764,1404.8,4237.866666666667,62650.666666666664
1684298018.4262612,1402.6666666666667,4238.933333333333,62492.8
1684298018.476418,1402.6666666666667,4241.066666666667,62556.8
1684298018.5266623,1457.0666666666666,4301.866666666667,62357.333333333336
1684298018.5767152,1453.8666666666666,4301.866666666667,62338.13333333333
1684298018.6269774,1399.4666666666667,4315.733333333334,62279.46666666667
1684298018.6767752,1399.4666666666667,4375.466666666666,62286.933333333334
1684298018.7266588,1393.0666666666666,4374.4,62232.53333333333
1684298018.7766607,1395.2,4361.6,62231.46666666667
1684298018.8266575,1340.8,4375.466666666666,62220.8
1684298018.876748,1338.6666666666667,4357.333333333333,62232.53333333333
1684298018.926647,1353.6,4363.733333333334,62224.0
1684298018.976647,1298.1333333333334,4361.6,62150.4
1684298019.0266666,1296.0,4368.0,62132.26666666667
1684298019.0766873,1294.9333333333334,4369.066666666667,62097.066666666666
1684298019.1266444,1294.9333333333334,4384.0,62100.26666666667
1684298019.1766677,1293.8666666666666,4392.533333333334,62092.8
1684298019.2266579,1348.2666666666667,4453.333333333333,61870.933333333334
1684298019.2766879,1346.1333333333334,4454.4,61868.8
1684298019.3268626,1401.6,4450.133333333333,61799.46666666667
1684298019.3766422,1402.6666666666667,4450.133333333333,61801.6
1684298019.4266276,1350.4,4389.333333333333,61877.333333333336
1684298019.4767096,1351.4666666666667,4434.133333333333,61773.86666666667
1684298019.5266428,1351.4666666666667,4461.866666666667,61795.2
1684298019.576651,1612.8,4448.0,61677.86666666667
1684298019.6269922,1613.8666666666666,4449.066666666667,61723.73333333333
1684298019.6767316,1613.8666666666666,4409.6,61690.666666666664
1684298019.726673,1669.3333333333333,4418.133333333333,61643.73333333333
1684298019.7766244,1724.8,4440.533333333334,61618.13333333333
1684298019.8266623,1725.8666666666666,4456.533333333334,61610.666666666664
1684298019.876712,1726.9333333333334,4450.133333333333,61623.46666666667
1684298019.9270067,1728.0,4475.733333333334,61640.53333333333
1684298019.9766989,1676.8,4482.133333333333,61706.666666666664
1684298020.0266526,1677.8666666666666,4432.0,61741.86666666667
1684298020.0767384,1677.8666666666666,4441.6,61605.333333333336
1684298020.1266735,1625.6,4373.333333333333,61824.0
1684298020.1766875,1626.6666666666667,4372.266666666666,61864.53333333333
1684298020.2270272,1627.7333333333333,4368.0,61879.46666666667
1684298020.2769446,1628.8,4307.2,61844.26666666667
1684298020.3264246,1633.0666666666666,4269.866666666667,61872.0
1684298020.3763537,1632.0,4270.933333333333,61882.666666666664
1684298020.426666,1632.0,4268.8,61915.73333333333
1684298020.476752,1632.0,4281.6,61870.933333333334
1684298020.5266552,1629.8666666666666,4274.133333333333,61810.13333333333
1684298020.5767024,1630.9333333333334,4290.133333333333,61815.46666666667
1684298020.6269488,1629.8666666666666,4315.733333333334,61795.2
1684298020.6767693,1629.8666666666666,4315.733333333334,61799.46666666667
1684298020.726663,1564.8,4261.333333333333,62013.86666666667
1684298020.77666,1511.4666666666667,4189.866666666667,62190.933333333334
1684298020.826639,1456.0,4067.2,62378.666666666664
1684298020.8767653,1457.0666666666666,4032.0,62420.26666666667
1684298020.9266567,1404.8,4030.9333333333334,62418.13333333333
1684298020.976628,1350.4,3963.733333333333,62366.933333333334
