Time,Right Hand Signal,Head Signal,Strain Gauge Signal
1684298807.2694523,1344.0,4526.933333333333,61413.333333333336
1684298807.3194294,1346.1333333333334,4533.333333333333,61381.333333333336
1684298807.3694806,1346.1333333333334,4625.066666666667,61563.73333333333
1684298807.4194298,1347.2,4600.533333333334,61783.46666666667
1684298807.4693904,1348.2666666666667,4587.733333333334,61810.13333333333
1684298807.519388,1348.2666666666667,4636.8,61662.933333333334
1684298807.56944,1348.2666666666667,4636.8,61636.26666666667
1684298807.6193933,1349.3333333333333,4635.733333333334,61783.46666666667
1684298807.6694121,1400.5333333333333,4653.866666666667,61745.066666666666
1684298807.719374,1399.4666666666667,4667.733333333334,61729.066666666666
1684298807.769461,1399.4666666666667,4665.6,61734.4
1684298807.8193974,1399.4666666666667,4691.2,61929.6
1684298807.8694067,1399.4666666666667,4690.133333333333,62140.8
1684298807.9193895,1401.6,4689.066666666667,62146.13333333333
1684298807.969466,1401.6,4661.333333333333,62161.066666666666
1684298808.0193927,1401.6,4745.6,62145.066666666666
1684298808.0694067,1174.4,4730.666666666667,62292.26666666667
1684298808.1196094,1174.4,4777.6,62352.0
1684298808.1695316,1166.9333333333334,4838.4,62312.53333333333
1684298808.219442,1170.1333333333334,4830.933333333333,62251.73333333333
1684298808.2696328,1170.1333333333334,4830.933333333333,62316.8
1684298808.3194401,1171.2,4732.8,62433.066666666666
1684298808.369482,1172.2666666666667,4729.6,62421.333333333336
1684298808.419405,1172.2666666666667,4609.066666666667,62384.0
1684298808.4693987,1172.2666666666667,4542.933333333333,62391.46666666667
1684298808.5193746,1172.2666666666667,4539.733333333334,62429.86666666667
1684298808.5694277,1171.2,4235.733333333334,62461.86666666667
1684298808.619404,1169.0666666666666,4240.0,62461.86666666667
1684298808.6693697,1169.0666666666666,4237.866666666667,62452.26666666667
1684298808.719395,1169.0666666666666,4243.2,62507.73333333333
1684298808.7694185,1166.9333333333334,4297.6,62483.2
1684298808.8195028,1222.4,4346.666666666667,62471.46666666667
1684298808.8693745,1277.8666666666666,4427.733333333334,62470.4
1684298808.9194016,1276.8,4472.533333333334,62273.066666666666
1684298808.9694445,1332.2666666666667,4488.533333333334,62275.2
1684298809.0194209,1386.6666666666667,4483.2,62322.13333333333
1684298809.0694075,1440.0,4558.933333333333,62174.933333333334
1684298809.1196272,1438.9333333333334,4560.0,62166.4
1684298809.169493,1440.0,4573.866666666667,62194.13333333333
1684298809.2195125,1441.0666666666666,4614.4,62056.53333333333
1684298809.2693822,1442.1333333333334,4605.866666666667,62067.2
1684298809.3193986,1443.2,4606.933333333333,62083.2
1684298809.369574,1495.4666666666667,4641.066666666667,61882.666666666664
1684298809.4194443,1494.4,4641.066666666667,61854.933333333334
1684298809.4693809,1497.6,4608.0,61989.333333333336
1684298809.5193639,1496.5333333333333,4615.466666666666,61980.8
1684298809.569461,1496.5333333333333,4552.533333333334,61950.933333333334
1684298809.6193824,1547.7333333333333,4519.466666666666,61786.666666666664
1684298809.6693926,1547.7333333333333,4512.0,61789.86666666667
1684298809.7193706,1547.7333333333333,4556.8,61840.0
1684298809.7694247,1601.0666666666666,4630.4,61609.6
1684298809.819883,1547.7333333333333,4616.533333333334,61404.8
1684298809.8726382,1546.6666666666667,4565.333333333333,61408.0
1684298809.9175816,1546.6666666666667,4581.333333333333,61563.73333333333
1684298809.967448,1437.8666666666666,4460.8,61713.066666666666
1684298810.0175145,1436.8,4409.6,61654.4
1684298810.0674655,1436.8,4396.8,61417.6
1684298810.1175017,1436.8,4363.733333333334,61438.933333333334
1684298810.1674094,1434.6666666666667,4409.6,61246.933333333334
1684298810.2173853,1428.2666666666667,4408.533333333334,61111.46666666667
1684298810.2673523,1480.5333333333333,4381.866666666667,60885.333333333336
1684298810.31733,1478.4,4442.666666666667,60755.2
1684298810.3673432,1478.4,4378.666666666667,60628.26666666667
1684298810.4173913,1477.3333333333333,4390.4,60621.86666666667
1684298810.467334,1476.2666666666667,4382.933333333333,60590.933333333334
1684298810.5173178,1424.0,4425.6,60779.73333333333
1684298810.5673368,1424.0,4411.733333333334,60818.13333333333
1684298810.6194599,1478.4,4551.466666666666,60637.86666666667
1684298810.669381,1425.0666666666666,4506.666666666667,60707.2
1684298810.7193978,1480.5333333333333,4498.133333333333,60474.666666666664
1684298810.769427,1537.0666666666666,4515.2,60519.46666666667
1684298810.8194287,1538.1333333333334,4496.0,60525.86666666667
1684298810.869374,1540.2666666666667,4496.0,60507.73333333333
1684298810.9201264,1537.0666666666666,4437.333333333333,60509.86666666667
1684298810.9690478,1537.0666666666666,4423.466666666666,60518.4
1684298811.0187411,1558.4,4337.066666666667,60558.933333333334
1684298811.0690453,1510.4,4344.533333333334,60513.066666666666
1684298811.119287,1510.4,4281.6,60491.73333333333
1684298811.1695051,1563.7333333333333,4313.6,60469.333333333336
1684298811.2194817,1560.5333333333333,4333.866666666667,60499.2
1684298811.2694125,1560.5333333333333,4407.466666666666,60472.53333333333
1684298811.319413,1560.5333333333333,4445.866666666667,60475.73333333333
1684298811.3694723,1506.1333333333334,4429.866666666667,60560.0
1684298811.4194708,1506.1333333333334,4515.2,60614.4
1684298811.4693902,1506.1333333333334,4516.266666666666,60586.666666666664
1684298811.5193715,1506.1333333333334,4555.733333333334,60541.86666666667
1684298811.5693946,1509.3333333333333,4510.933333333333,60492.8
1684298811.6194255,1509.3333333333333,4492.8,60427.73333333333
1684298811.6694038,1509.3333333333333,4492.8,60467.2
1684298811.7193646,1560.5333333333333,4480.0,60422.4
1684298811.769386,1559.4666666666667,4424.533333333334,60452.26666666667
1684298811.819419,1506.1333333333334,4342.4,60503.46666666667
1684298811.8693743,1505.0666666666666,4362.666666666667,60387.2
1684298811.9193726,1451.7333333333333,4310.4,60604.8
1684298811.9693725,1396.2666666666667,4329.6,60583.46666666667
1684298812.0199833,1771.7333333333333,4372.266666666666,60603.73333333333
1684298812.0694938,2139.733333333333,4357.333333333333,60759.46666666667
1684298812.1196146,2601.6,4481.066666666667,60574.933333333334
1684298812.1694508,3011.2,4467.2,60619.73333333333
1684298812.2195034,3449.6,4420.266666666666,60726.4
1684298812.2694163,3882.6666666666665,4401.066666666667,60724.26666666667
1684298812.3194718,4366.933333333333,4526.933333333333,60524.8
1684298812.3693833,4733.866666666667,4485.333333333333,60613.333333333336
1684298812.4194744,5200.0,4491.733333333334,60560.0
1684298812.469382,5654.4,4471.466666666666,60432.0
1684298812.519404,6109.866666666667,4474.666666666667,60250.666666666664
1684298812.5693817,6585.6,4540.8,60090.666666666664
1684298812.6194732,6952.533333333334,4534.4,60270.933333333334
1684298812.6694345,7372.8,4535.466666666666,60243.2
1684298812.7194002,7779.2,4522.666666666667,60233.6
1684298812.7693608,8119.466666666666,4484.266666666666,60417.066666666666
1684298812.8194969,8506.666666666666,4432.0,60682.666666666664
1684298812.8693688,8909.866666666667,4519.466666666666,60627.2
1684298812.9194338,9321.6,4484.266666666666,60653.86666666667
1684298812.969368,9792.0,4553.6,60658.13333333333
1684298813.0195084,10213.333333333334,4578.133333333333,60649.6
1684298813.0694046,10617.6,4565.333333333333,60858.666666666664
1684298813.1196277,10999.466666666667,4515.2,60792.53333333333
1684298813.169387,11367.466666666667,4456.533333333334,60929.066666666666
1684298813.219506,11734.4,4456.533333333334,60984.53333333333
1684298813.269579,12051.2,4409.6,61125.333333333336
1684298813.3194249,12421.333333333334,4342.4,61211.73333333333
1684298813.369424,12784.0,4336.0,61211.73333333333
1684298813.4194715,13153.066666666668,4390.4,61140.26666666667
1684298813.4693718,13514.666666666666,4382.933333333333,61033.6
1684298813.5195186,13875.2,4338.133333333333,60956.8
1684298813.5694137,14238.933333333332,4344.533333333334,60850.13333333333
1684298813.6194675,14539.733333333334,4270.933333333333,60976.0
1684298813.6694012,14904.533333333333,4263.466666666666,60871.46666666667
1684298813.7193756,15212.8,4252.8,60953.6
1684298813.7697296,15518.933333333332,4296.533333333334,60765.86666666667
1684298813.8197553,15874.133333333333,4422.4,60427.73333333333
1684298813.8697782,16285.866666666667,4541.866666666667,60037.333333333336
1684298813.9187884,16646.4,4615.466666666666,59863.46666666667
1684298813.9687781,17005.866666666665,4647.466666666666,59627.73333333333
1684298814.0194976,17344.0,4654.933333333333,59495.46666666667
1684298814.0697498,17750.4,4654.933333333333,59393.066666666666
1684298814.1196847,18165.333333333332,4648.533333333334,59208.53333333333
1684298814.1695216,18468.266666666666,4583.466666666666,58860.8
1684298814.2191472,18825.6,4569.6,58598.4
1684298814.269065,19178.666666666668,4542.933333333333,58380.8
1684298814.3194056,19534.933333333334,4582.4,58170.666666666664
1684298814.3696756,19891.2,4568.533333333334,58006.4
1684298814.4195263,20244.266666666666,4522.666666666667,57744.0
1684298814.4693787,20656.0,4574.933333333333,57402.666666666664
1684298814.519402,21066.666666666668,4570.666666666667,57022.933333333334
1684298814.5693693,21467.733333333334,4566.4,56659.2
1684298814.6194825,21824.0,4557.866666666667,56537.6
1684298814.669382,22174.933333333334,4620.8,56338.13333333333
1684298814.7194068,22478.933333333334,4586.666666666667,56186.666666666664
1684298814.769377,22834.133333333335,4573.866666666667,56027.73333333333
1684298814.8194578,23180.8,4618.666666666667,55870.933333333334
1684298814.8693671,23482.666666666668,4537.6,55769.6
1684298814.919382,23841.066666666666,4524.8,55626.666666666664
1684298814.9693654,24196.266666666666,4498.133333333333,55462.4
1684298815.01973,24121.6,4434.133333333333,55204.26666666667
1684298815.0694404,24059.733333333334,4381.866666666667,54983.46666666667
1684298815.1197765,23954.133333333335,4331.733333333334,54770.13333333333
1684298815.1690397,23905.066666666666,4318.933333333333,54483.2
1684298815.21915,23820.8,4311.466666666666,54316.8
1684298815.2694147,23749.333333333332,4297.6,54092.8
1684298815.3193805,23621.333333333332,4224.0,54078.933333333334
1684298815.3694065,23562.666666666668,4225.066666666667,53972.26666666667
1684298815.41946,23458.133333333335,4210.133333333333,53780.26666666667
1684298815.469421,23362.133333333335,4147.2,53717.333333333336
1684298815.5193725,23270.4,4122.666666666667,53623.46666666667
1684298815.5693927,23158.4,4042.6666666666665,53605.333333333336
1684298815.6194282,23105.066666666666,3988.266666666667,53400.53333333333
1684298815.669401,23047.466666666667,3974.4,53198.933333333334
1684298815.7193575,23003.733333333334,3914.6666666666665,52968.53333333333
1684298815.7693624,23027.2,3990.4,52562.13333333333
1684298815.81958,23008.0,3977.6,52418.13333333333
1684298815.8701458,23254.4,3957.3333333333335,52238.933333333334
1684298815.919589,23206.4,3995.733333333333,51795.2
1684298815.9694471,23095.466666666667,3986.133333333333,51585.066666666666
1684298816.0194836,23037.866666666665,3985.0666666666666,51452.8
1684298816.069394,22997.333333333332,4032.0,51297.066666666666
1684298816.1196547,22970.666666666668,4055.4666666666667,51156.26666666667
1684298816.1694276,22965.333333333332,4086.4,50916.26666666667
1684298816.2195325,22953.6,4173.866666666667,50649.6
1684298816.2694082,23000.533333333333,4212.266666666666,50316.8
1684298816.3194165,23043.2,4243.2,50069.333333333336
1684298816.3693757,23092.266666666666,4250.666666666667,49740.8
1684298816.4194338,23079.466666666667,4176.0,49562.666666666664
1684298816.4693882,23191.466666666667,4172.8,49305.6
1684298816.5193925,23184.0,4103.466666666666,49165.86666666667
1684298816.5693655,23176.533333333333,4097.066666666667,49094.4
1684298816.6194615,23174.4,4039.4666666666667,48748.8
1684298816.6693747,23165.866666666665,4046.9333333333334,48685.86666666667
1684298816.7193627,23159.466666666667,4032.0,48634.666666666664
1684298816.7693565,23145.6,4012.8,48761.6
1684298816.8194788,23144.533333333333,3866.6666666666665,48875.73333333333
1684298816.8693786,23088.0,3806.9333333333334,49077.333333333336
1684298816.9193866,23083.733333333334,3733.3333333333335,49026.13333333333
1684298816.9693775,23079.466666666667,3673.6,49064.53333333333
1684298817.0197353,23076.266666666666,3713.0666666666666,48990.933333333334
1684298817.0697289,23020.8,3685.3333333333335,48913.066666666666
1684298817.1196885,22963.2,3692.8,48877.86666666667
1684298817.1690435,23017.6,3635.2,49054.933333333334
1684298817.2191453,23015.466666666667,3628.8,49125.333333333336
1684298817.2694252,23025.066666666666,3568.0,49097.6
1684298817.319445,23032.533333333333,3575.4666666666667,48896.0
1684298817.3694112,23037.866666666665,3575.4666666666667,48804.26666666667
1684298817.4194605,23047.466666666667,3549.866666666667,48837.333333333336
1684298817.4694147,22999.466666666667,3654.4,49000.53333333333
1684298817.519372,22950.4,3652.266666666667,49133.86666666667
1684298817.5693657,22910.933333333334,3662.9333333333334,49302.4
1684298817.6194365,22920.533333333333,3656.5333333333333,49214.933333333334
1684298817.6693664,22932.266666666666,3639.4666666666667,49194.666666666664
1684298817.7193577,22999.466666666667,3668.266666666667,48980.26666666667
1684298817.7693655,23008.0,3740.8,48905.6
1684298817.819423,23029.333333333332,3689.6,48832.0
1684298817.8693647,23098.666666666668,3744.0,48712.53333333333
1684298817.9193494,23110.4,3770.6666666666665,48616.53333333333
1684298817.9693882,23124.266666666666,3770.6666666666665,48548.26666666667
1684298818.0194268,23138.133333333335,3893.3333333333335,48616.53333333333
1684298818.0693989,23146.666666666668,3925.3333333333335,48618.666666666664
1684298818.119637,23157.333333333332,3864.5333333333333,48814.933333333334
1684298818.1695118,23223.466666666667,3917.866666666667,48678.4
1684298818.2191453,23230.933333333334,3925.3333333333335,48632.53333333333
1684298818.2693353,23233.066666666666,3932.8,48446.933333333334
1684298818.3194585,23289.6,3915.733333333333,48405.333333333336
1684298818.369419,23344.0,3864.5333333333333,48339.2
1684298818.4194646,23342.933333333334,3858.133333333333,48348.8
1684298818.469375,23392.0,3877.3333333333335,48275.2
1684298818.5193665,23385.6,3865.6,48343.46666666667
1684298818.5693803,23430.4,3966.9333333333334,48323.2
1684298818.6194432,23419.733333333334,3966.9333333333334,48263.46666666667
1684298818.6693711,23408.0,3966.9333333333334,48295.46666666667
1684298818.7193735,23394.133333333335,3936.0,48344.53333333333
1684298818.7693717,23325.866666666665,3838.9333333333334,48563.2
1684298818.8194535,23306.666666666668,3838.9333333333334,48556.8
1684298818.8693774,23004.8,3771.733333333333,48525.86666666667
1684298818.9193914,22983.466666666667,3719.4666666666667,48709.333333333336
1684298818.9693606,23012.266666666666,3681.0666666666666,48669.86666666667
1684298819.0195045,22993.066666666666,3682.133333333333,48584.53333333333
1684298819.069514,22972.8,3620.266666666667,48489.6
1684298819.119784,22961.066666666666,3666.133333333333,48449.066666666666
1684298819.1690183,22940.8,3785.6,48551.46666666667
1684298819.2192292,22921.6,4251.733333333334,48680.53333333333
1684298819.2694063,22901.333333333332,4933.333333333333,48732.8
1684298819.3194025,22839.466666666667,5505.066666666667,48833.066666666666
1684298819.3696463,22785.066666666666,6300.8,49000.53333333333
1684298819.4194999,22784.0,7260.8,48919.46666666667
1684298819.469386,22673.066666666666,8231.466666666667,49075.2
1684298819.5193858,22681.6,9251.2,49095.46666666667
1684298819.5693624,22688.0,10251.733333333334,49073.066666666666
1684298819.619479,22692.266666666666,11226.666666666666,49250.13333333333
1684298819.6693776,22754.133333333335,12195.2,49035.73333333333
1684298819.7193556,22760.533333333333,13180.8,48999.46666666667
1684298819.7693756,22769.066666666666,14054.4,48821.333333333336
1684298819.8194182,22824.533333333333,14941.866666666667,48835.2
1684298819.8693764,22818.133333333335,15814.4,48864.0
1684298819.9193542,22817.066666666666,16716.8,48910.933333333334
1684298819.9693823,22812.8,17572.266666666666,48822.4
1684298820.0196898,22808.533333333333,18343.466666666667,48833.066666666666
1684298820.069458,22857.6,19194.666666666668,48773.333333333336
1684298820.1196508,22842.666666666668,20085.333333333332,48625.066666666666
1684298820.1697319,22780.8,20952.533333333333,48573.86666666667
1684298820.2199981,22770.133333333335,21760.0,48536.53333333333
1684298820.2693458,22758.4,22546.133333333335,48562.13333333333
1684298820.318777,22800.0,22771.2,48729.6
1684298820.3687553,22839.466666666667,22811.733333333334,48761.6
1684298820.4195628,22821.333333333332,22797.866666666665,48724.26666666667
1684298820.4698021,22807.466666666667,22626.133333333335,48690.13333333333
1684298820.5190194,22788.266666666666,22638.933333333334,48764.8
1684298820.5689757,22772.266666666666,22670.933333333334,48822.4
1684298820.6195447,22755.2,22705.066666666666,48842.666666666664
1684298820.6694388,22738.133333333335,22638.933333333334,48858.666666666664
1684298820.719382,22664.533333333333,22629.333333333332,49120.0
1684298820.7693694,22650.666666666668,22538.666666666668,49162.666666666664
1684298820.8195333,22632.533333333333,22552.533333333333,49153.066666666666
1684298820.8693902,22551.466666666667,22484.266666666666,49286.4
1684298820.9194033,22584.533333333333,22531.2,49158.4
1684298820.9693813,22564.266666666666,22530.133333333335,49224.53333333333
1684298821.019537,22538.666666666668,22428.8,49192.53333333333
1684298821.0693848,22528.0,22457.6,49185.066666666666
1684298821.1197855,22516.266666666666,22567.466666666667,49162.666666666664
1684298821.1690273,22439.466666666667,22572.8,49399.46666666667
1684298821.219143,22426.666666666668,22552.533333333333,49428.26666666667
1684298821.2694333,22411.733333333334,22625.066666666666,49610.666666666664
1684298821.3194158,22350.933333333334,22588.8,49648.0
1684298821.369407,22286.933333333334,22573.866666666665,49659.73333333333
1684298821.4195385,22279.466666666667,22641.066666666666,49671.46666666667
1684298821.4693801,22220.8,22640.0,49693.86666666667
1684298821.5193496,22213.333333333332,22660.266666666666,49659.73333333333
1684298821.569379,22163.2,22548.266666666666,49674.666666666664
1684298821.6195095,22168.533333333333,22614.4,49694.933333333334
1684298821.6694148,22173.866666666665,22613.333333333332,49702.4
1684298821.7193487,22181.333333333332,22643.2,49670.4
1684298821.7693722,22188.8,22629.333333333332,49736.53333333333
1684298821.8194964,22257.066666666666,22677.333333333332,49489.066666666666
1684298821.8693821,22323.2,22743.466666666667,49493.333333333336
1684298821.9193628,22393.6,22836.266666666666,49379.2
1684298821.9693706,22360.533333333333,22814.933333333334,49449.6
1684298822.0196714,22371.2,22800.0,49523.2
1684298822.0696437,22438.4,22913.066666666666,49408.0
1684298822.119224,22449.066666666666,22869.333333333332,49305.6
1684298822.168985,22517.333333333332,22763.733333333334,49218.13333333333
1684298822.2195718,22537.6,22202.666666666668,49198.933333333334
1684298822.2696624,22494.933333333334,21482.666666666668,49330.13333333333
1684298822.3191593,22553.6,20948.266666666666,49160.53333333333
1684298822.3689866,22551.466666666667,20170.666666666668,49205.333333333336
1684298822.4195294,22552.533333333333,19196.8,49301.333333333336
1684298822.4693613,22556.8,18205.866666666665,49349.333333333336
1684298822.5193808,22549.333333333332,17209.6,49344.0
1684298822.5693538,22542.933333333334,16194.133333333333,49387.73333333333
1684298822.6195111,22535.466666666667,15219.2,49361.066666666666
1684298822.6693652,22467.2,14229.333333333334,49590.4
1684298822.7198205,22448.0,13290.666666666666,49578.666666666664
1684298822.7693074,22439.466666666667,12384.0,49575.46666666667
1684298822.819155,22378.666666666668,11495.466666666667,49618.13333333333
1684298822.8689866,22377.6,10564.266666666666,49547.73333333333
1684298822.9190314,22371.2,9648.0,49541.333333333336
1684298822.9693906,22364.8,8871.466666666667,49602.13333333333
1684298823.0198097,22365.866666666665,8045.866666666667,49526.4
1684298823.0690193,22311.466666666667,7645.866666666667,49592.53333333333
1684298823.1192052,22317.866666666665,7351.466666666666,49748.26666666667
1684298823.1694086,22318.933333333334,7180.8,49810.13333333333
1684298823.2195654,22332.8,7024.0,49797.333333333336
1684298823.2696538,22338.133333333335,7034.666666666667,49810.13333333333
1684298823.3194358,22296.533333333333,7569.066666666667,49827.2
1684298823.3693776,22264.533333333333,8400.0,49846.4
1684298823.4194417,22294.4,9305.6,49884.8
1684298823.469358,22315.733333333334,10262.4,49917.86666666667
1684298823.5194607,22337.066666666666,11182.933333333332,49877.333333333336
1684298823.5693822,22354.133333333335,12070.4,49878.4
1684298823.6194327,22361.6,12862.933333333332,49910.4
1684298823.6693807,22371.2,13716.266666666666,49964.8
1684298823.7200527,22378.666666666668,14654.933333333332,49878.4
1684298823.7697563,22378.666666666668,15500.8,49872.0
1684298823.8181612,22432.0,16330.666666666666,49832.53333333333
1684298823.867959,22430.933333333334,17254.4,49809.066666666666
1684298823.9189935,22377.6,18020.266666666666,49779.2
1684298823.969044,22375.466666666667,18836.266666666666,49748.26666666667
1684298824.0195138,22380.8,19601.066666666666,49723.73333333333
1684298824.0694504,22374.4,20268.8,49758.933333333334
1684298824.1196475,22369.066666666666,20846.933333333334,49810.13333333333
1684298824.1694999,22368.0,21424.0,49723.73333333333
1684298824.219129,22366.933333333334,21438.933333333334,49657.6
1684298824.2690399,22362.666666666668,21396.266666666666,49638.4
1684298824.3193767,22358.4,21396.266666666666,49668.26666666667
1684298824.369652,22355.2,21395.2,49748.26666666667
1684298824.419461,22353.066666666666,21328.0,49787.73333333333
1684298824.4693577,22349.866666666665,21320.533333333333,49812.26666666667
1684298824.5193822,22402.133333333335,21329.066666666666,49656.53333333333
1684298824.5693474,22392.533333333333,21354.666666666668,49664.0
1684298824.619443,22384.0,21294.933333333334,49682.13333333333
1684298824.6693487,22432.0,21415.466666666667,49634.13333333333
1684298824.7195125,22424.533333333333,21402.666666666668,49593.6
1684298824.769654,22417.066666666666,21457.066666666666,49512.53333333333
1684298824.820188,22365.866666666665,21424.0,49683.2
1684298824.8688955,22304.0,21357.866666666665,49756.8
1684298824.9187593,22240.0,21271.466666666667,49696.0
1684298824.9689665,22232.533333333333,21264.0,49742.933333333334
1684298825.0193207,22227.2,21278.933333333334,49739.73333333333
1684298825.0697203,22167.466666666667,21152.0,49882.666666666664
1684298825.1197782,22219.733333333334,21224.533333333333,49857.066666666666
1684298825.1689954,22165.333333333332,21141.333333333332,49900.8
1684298825.2191944,22211.2,21209.6,49882.666666666664
1684298825.2694,22214.4,21209.6,49844.26666666667
1684298825.3193784,22162.133333333335,21154.133333333335,50081.066666666666
1684298825.3693569,22220.8,21169.066666666666,50056.53333333333
1684298825.4194427,22215.466666666667,21197.866666666665,50057.6
1684298825.4693549,22208.0,21228.8,50018.13333333333
1684298825.5193398,22209.066666666666,21213.866666666665,50028.8
1684298825.5693634,22208.0,21254.4,49963.73333333333
1684298825.6194139,22213.333333333332,21286.4,50021.333333333336
1684298825.6693726,22220.8,21419.733333333334,49995.73333333333
1684298825.7193427,22227.2,21379.2,50005.333333333336
1684298825.769662,22233.6,21364.266666666666,50077.86666666667
1684298825.8194976,22243.2,21393.066666666666,50091.73333333333
1684298825.8694196,22302.933333333334,21387.733333333334,50115.2
1684298825.9193442,22426.666666666668,21447.466666666667,49831.46666666667
1684298825.9693847,22439.466666666667,21352.533333333333,49797.333333333336
1684298826.0194173,22441.6,21360.0,49902.933333333334
1684298826.0693438,22492.8,20903.466666666667,49930.666666666664
1684298826.1196437,22501.333333333332,20309.333333333332,49933.86666666667
1684298826.1693704,22507.733333333334,19629.866666666665,49928.53333333333
1684298826.2195468,22565.333333333332,18981.333333333332,49798.4
1684298826.2697196,22566.4,18199.466666666667,49838.933333333334
1684298826.3194997,22557.866666666665,17406.933333333334,49833.6
1684298826.368984,22542.933333333334,16551.466666666667,49643.73333333333
1684298826.4191146,22532.266666666666,15630.933333333332,49720.53333333333
1684298826.4693391,22526.933333333334,14755.2,49630.933333333334
1684298826.5198302,22579.2,13786.666666666666,49682.13333333333
1684298826.5693028,22574.933333333334,12907.733333333334,49628.8
1684298826.61923,22590.933333333334,12089.6,49632.0
1684298826.6693058,22606.933333333334,11250.133333333333,49572.26666666667
1684298826.7193856,22618.666666666668,10310.4,49630.933333333334
1684298826.7687633,22636.8,9489.066666666668,49438.933333333334
1684298826.8187532,22599.466666666667,8646.4,49488.0
1684298826.8693967,22626.133333333335,7729.066666666667,49645.86666666667
1684298826.9196894,22640.0,7034.666666666667,50043.73333333333
1684298826.9694765,22651.733333333334,6212.266666666666,50245.333333333336
1684298827.019239,22661.333333333332,5453.866666666667,50410.666666666664
1684298827.0693297,22661.333333333332,4779.733333333334,50542.933333333334
1684298827.1196804,22661.333333333332,4186.666666666667,50519.46666666667
1684298827.1694915,22673.066666666666,3577.6,50762.666666666664
1684298827.219104,22695.466666666667,3575.4666666666667,51038.933333333334
1684298827.2690482,22517.333333333332,3559.4666666666667,51052.8
1684298827.3195536,22168.533333333333,3610.6666666666665,51110.4
1684298827.369414,21818.666666666668,3690.6666666666665,51243.73333333333
1684298827.4194586,21466.666666666668,3756.8,51406.933333333334
1684298827.469365,21116.8,3982.9333333333334,51619.2
1684298827.5193849,20713.6,3946.6666666666665,51978.666666666664
1684298827.5693455,20365.866666666665,3997.866666666667,52209.066666666666
1684298827.619456,20069.333333333332,4065.0666666666666,52226.13333333333
1684298827.6693604,19725.866666666665,3981.866666666667,52296.53333333333
1684298827.719462,19376.0,3995.733333333333,52484.26666666667
1684298827.7693546,19082.666666666668,3978.6666666666665,52502.4
1684298827.8194666,18717.866666666665,3996.8,52756.26666666667
1684298827.8693633,18419.2,4011.733333333333,52893.86666666667
1684298827.9193788,18071.466666666667,4064.0,53293.86666666667
1684298827.9693544,17720.533333333333,4064.0,53506.13333333333
1684298828.0194657,17424.0,4181.333333333333,53601.066666666666
1684298828.0694394,17073.066666666666,4216.533333333334,53841.066666666666
1684298828.119682,16665.6,4141.866666666667,54210.13333333333
1684298828.169396,16309.333333333334,4167.466666666666,54380.8
1684298828.219468,15905.066666666668,4107.733333333334,54610.13333333333
1684298828.2696521,15546.666666666666,4154.666666666667,54868.26666666667
1684298828.3194754,15189.333333333334,4190.933333333333,55082.666666666664
1684298828.3699436,14774.4,4136.533333333334,55254.4
1684298828.419696,14423.466666666667,4108.8,55456.0
1684298828.4690588,14062.933333333332,4122.666666666667,55671.46666666667
1684298828.519014,13705.6,4129.066666666667,55860.26666666667
1684298828.5690737,13402.666666666666,4129.066666666667,56097.066666666666
1684298828.619458,13046.4,4088.5333333333333,56243.2
1684298828.669743,12689.066666666668,4016.0,56478.933333333334
1684298828.720124,12339.2,4038.4,56718.933333333334
1684298828.769836,12093.866666666667,4048.0,56861.86666666667
1684298828.818155,11735.466666666667,4099.2,57003.73333333333
1684298828.868002,11325.866666666667,4156.8,57217.066666666666
1684298828.9186716,10852.266666666666,4169.6,57480.53333333333
1684298828.968692,10548.266666666666,4199.466666666666,57702.4
1684298829.0194902,10192.0,4261.333333333333,57877.333333333336
1684298829.0694475,9788.8,4272.0,58075.73333333333
1684298829.1196597,9488.0,4330.666666666667,58122.666666666664
1684298829.1694384,9131.733333333334,4338.133333333333,58333.86666666667
1684298829.2191284,8715.733333333334,4315.733333333334,58715.73333333333
1684298829.2689762,8412.8,4328.533333333334,58858.666666666664
1684298829.3190637,8056.533333333334,4322.133333333333,59046.4
1684298829.369576,7757.866666666667,4334.933333333333,59419.73333333333
1684298829.4195068,7502.933333333333,4350.933333333333,59497.6
1684298829.4693663,7137.066666666667,4382.933333333333,59753.6
1684298829.5193725,6721.066666666667,4396.8,59837.86666666667
1684298829.5693426,6416.0,4461.866666666667,59911.46666666667
1684298829.6194484,6096.0,4475.733333333334,60088.53333333333
1684298829.6693542,5779.2,4484.266666666666,60258.13333333333
1684298829.7193642,5411.2,4552.533333333334,60395.73333333333
1684298829.76935,5046.4,4561.066666666667,60766.933333333334
1684298829.8201876,4678.4,4614.4,61014.4
1684298829.8692324,4308.266666666666,4621.866666666667,61084.8
1684298829.9190073,3946.6666666666665,4494.933333333333,61060.26666666667
1684298829.9686844,3587.2,4502.4,61104.0
1684298830.0189037,3227.733333333333,4496.0,61157.333333333336
1684298830.0694468,2875.733333333333,4434.133333333333,61191.46666666667
1684298830.119627,2526.9333333333334,4320.0,61390.933333333334
1684298830.1690137,2165.3333333333335,4312.533333333334,61382.4
1684298830.2190676,1794.1333333333334,4306.133333333333,61228.8
1684298830.2693925,1626.6666666666667,4311.466666666666,61418.666666666664
1684298830.3193462,1625.6,4261.333333333333,61529.6
1684298830.3693507,1627.7333333333333,4248.533333333334,61531.73333333333
1684298830.4206645,1628.8,4279.466666666666,61465.6
1684298830.4696662,1628.8,4094.9333333333334,61420.8
1684298830.5194142,1683.2,4129.066666666667,61444.26666666667
1684298830.5694127,1681.0666666666666,4076.8,61389.86666666667
1684298830.6194804,1626.6666666666667,4082.133333333333,61571.2
1684298830.6694021,1619.2,4067.2,61561.6
1684298830.7194033,1619.2,4134.4,61569.066666666666
1684298830.7693567,1563.7333333333333,4110.933333333333,61787.73333333333
1684298830.8194375,1617.0666666666666,4151.466666666666,61562.666666666664
1684298830.869362,1564.8,4165.333333333333,61592.53333333333
1684298830.9193442,1563.7333333333333,4104.533333333334,61609.6
1684298830.9693434,1564.8,4113.066666666667,61542.4
1684298831.0194266,1511.4666666666667,4028.8,61646.933333333334
1684298831.0694005,1513.6,4035.2,61666.13333333333
1684298831.1195774,1622.4,4094.9333333333334,61415.46666666667
1684298831.1694126,1622.4,4160.0,61313.066666666666
1684298831.219477,1676.8,4160.0,61315.2
1684298831.2693877,1678.9333333333334,4148.266666666666,61261.86666666667
1684298831.3193567,1734.4,4151.466666666666,61067.73333333333
1684298831.3693986,1847.4666666666667,4204.8,60902.4
1684298831.4194598,1847.4666666666667,4232.533333333334,60920.53333333333
1684298831.4693463,1852.8,4219.733333333334,60898.13333333333
1684298831.5193753,1852.8,4374.4,60931.2
1684298831.5693414,1800.5333333333333,4355.2,60925.86666666667
1684298831.6194518,1800.5333333333333,4356.266666666666,60967.46666666667
1684298831.669343,1801.6,4311.466666666666,60953.6
1684298831.7193573,1801.6,4296.533333333334,60913.066666666666
1684298831.769329,1696.0,4308.266666666666,60934.4
1684298831.8194308,1694.9333333333334,4222.933333333333,60940.8
1684298831.8693619,1694.9333333333334,4169.6,60935.46666666667
1684298831.919325,1749.3333333333333,4157.866666666667,60912.0
1684298831.969344,1694.9333333333334,4165.333333333333,60929.066666666666
1684298832.019633,1694.9333333333334,4103.466666666666,60915.2
1684298832.069576,1698.1333333333334,4084.266666666667,60962.13333333333
1684298832.1195788,1641.6,4024.5333333333333,61092.26666666667
1684298832.1693878,1778.1333333333334,4037.3333333333335,61074.13333333333
1684298832.2194607,1940.2666666666667,4132.266666666666,60872.53333333333
1684298832.2693634,2284.8,4118.4,60891.73333333333
1684298832.3194268,2673.0666666666666,4118.4,60888.53333333333
1684298832.369349,3041.0666666666666,4104.533333333334,60859.73333333333
1684298832.4194343,3382.4,4176.0,60905.6
1684298832.4693854,3836.8,4091.733333333333,60928.0
1684298832.5193362,4284.8,4078.9333333333334,60997.333333333336
1684298832.569331,4650.666666666667,3968.0,61111.46666666667
1684298832.6194286,5079.466666666666,3960.5333333333333,61085.86666666667
1684298832.669347,5460.266666666666,3998.9333333333334,61096.53333333333
1684298832.7194006,5888.0,3924.266666666667,61163.73333333333
1684298832.7693686,6346.666666666667,3984.0,61157.333333333336
1684298832.8194058,6740.266666666666,3920.0,61058.13333333333
1684298832.869338,7115.733333333334,3932.8,61089.066666666666
1684298832.919329,7494.4,3927.4666666666667,61094.4
1684298832.9693553,7869.866666666667,3988.266666666667,61057.066666666666
1684298833.019441,8293.333333333334,3981.866666666667,60941.86666666667
1684298833.0696025,8717.866666666667,4074.6666666666665,60712.53333333333
1684298833.119818,9085.866666666667,4107.733333333334,60613.333333333336
1684298833.169827,9453.866666666667,4101.333333333333,60526.933333333334
1684298833.2188332,9877.333333333334,4140.8,60616.53333333333
1684298833.268855,10246.4,4126.933333333333,60502.4
1684298833.3194323,10662.4,4233.6,60126.933333333334
1684298833.3696752,11029.333333333334,4275.2,60070.4
1684298833.4194784,11397.333333333334,4231.466666666666,60098.13333333333
1684298833.4693787,11766.4,4372.266666666666,59962.666666666664
1684298833.5194724,12081.066666666668,4439.466666666666,59864.53333333333
1684298833.5693662,12450.133333333333,4491.733333333334,59773.86666666667
1684298833.6194415,12813.866666666667,4452.266666666666,59665.066666666666
1684298833.6696892,13122.133333333333,4464.0,59645.86666666667
1684298833.7192721,13486.933333333332,4411.733333333334,59447.46666666667
1684298833.7691815,13849.6,4419.2,59246.933333333334
1684298833.8189788,14156.8,4345.6,59160.53333333333
1684298833.8680604,14514.133333333333,4364.8,59026.13333333333
1684298833.9180384,14876.8,4446.933333333333,58796.8
1684298833.9693897,15233.066666666668,4506.666666666667,58621.86666666667
1684298834.0194933,15649.066666666668,4473.6,58221.86666666667
1684298834.0694196,16002.133333333333,4452.266666666666,58004.26666666667
1684298834.119736,16250.666666666666,4425.6,58107.73333333333
1684298834.169414,16606.933333333334,4345.6,58008.53333333333
1684298834.219501,16909.866666666665,4331.733333333334,57776.0
1684298834.2693744,17265.066666666666,4278.4,57612.8
1684298834.319377,17568.0,4211.2,57521.066666666666
1684298834.3695493,17812.266666666666,4130.133333333333,57492.26666666667
1684298834.4194798,18168.533333333333,4116.266666666666,57241.6
1684298834.4693646,18522.666666666668,4102.4,57002.666666666664
1684298834.5193348,18878.933333333334,3981.866666666667,56757.333333333336
1684298834.569346,19288.533333333333,4036.266666666667,56337.066666666666
1684298834.6194077,19646.933333333334,4022.4,56117.333333333336
1684298834.669379,20005.333333333332,4021.3333333333335,55833.6
1684298834.7193363,20363.733333333334,4070.4,55666.13333333333
1684298834.7693233,20717.866666666665,4102.4,55392.0
1684298834.8200698,21075.2,4115.2,55190.4
1684298834.869716,21492.266666666666,4136.533333333334,54985.6
1684298834.9184453,21800.533333333333,4381.866666666667,54981.333333333336
1684298834.9684653,22169.6,4892.8,54778.666666666664
1684298835.0196624,22590.933333333334,5472.0,54516.26666666667
1684298835.0694635,23019.733333333334,6043.733333333334,54276.26666666667
1684298835.1200943,23394.133333333335,6678.4,54071.46666666667
1684298835.1703253,23688.533333333333,7355.733333333334,53819.73333333333
1684298835.2192354,23899.733333333334,8006.4,53639.46666666667
1684298835.2690585,23873.066666666666,8748.8,53428.26666666667
1684298835.3193712,23860.266666666666,9454.933333333332,53260.8
1684298835.3693707,23804.8,10227.2,53145.6
1684298835.4194376,23716.266666666666,11010.133333333333,52978.13333333333
1684298835.4693873,23624.533333333333,11708.8,52737.066666666666
1684298835.5193458,23532.8,12474.666666666666,52588.8
1684298835.5693517,23465.6,13268.266666666666,52403.2
1684298835.6194189,23339.733333333334,14062.933333333332,52280.53333333333
1684298835.6693456,23307.733333333334,14858.666666666666,51917.86666666667
1684298835.719357,23232.0,15566.933333333332,51644.8
1684298835.7693312,23120.0,15914.666666666666,51478.4
1684298835.8194344,23075.2,15938.133333333333,51323.73333333333
1684298835.8693461,23049.6,15912.533333333333,51111.46666666667
1684298835.9193556,23020.8,15964.8,50945.066666666666
1684298835.9693403,22996.266666666666,15902.933333333332,50809.6
1684298836.0194294,22923.733333333334,15893.333333333334,50682.666666666664
1684298836.0693586,22849.066666666666,15776.0,50749.86666666667
1684298836.1203656,22836.266666666666,15755.733333333334,50584.53333333333
1684298836.169388,22819.2,15741.866666666667,50491.73333333333
1684298836.2194612,22745.6,15681.066666666668,50387.2
1684298836.2693675,22726.4,15668.266666666666,50285.86666666667
1684298836.3193324,22667.733333333334,15568.0,50480.0
1684298836.3693593,22710.4,15482.666666666666,50148.26666666667
1684298836.419416,22700.8,15422.933333333332,49990.4
1684298836.4693742,22704.0,15268.266666666666,49963.73333333333
1684298836.5193226,22694.4,15174.4,49824.0
1684298836.5693574,22684.8,15136.0,49689.6
1684298836.619401,22680.533333333333,15116.8,49621.333333333336
1684298836.6693354,22682.666666666668,15082.666666666666,49596.8
1684298836.7193267,22675.2,15067.733333333334,49574.4
1684298836.7693405,22676.266666666666,15052.8,49581.86666666667
1684298836.8193903,22680.533333333333,15106.133333333333,49634.13333333333
1684298836.8693545,22686.933333333334,15110.4,49613.86666666667
1684298836.9193296,22837.333333333332,15088.0,49416.53333333333
1684298836.9693549,22899.2,15068.8,49221.333333333336
1684298837.0195944,22845.866666666665,15067.733333333334,49353.6
1684298837.069664,22853.333333333332,15061.333333333334,49338.666666666664
1684298837.1206641,22860.8,15062.4,49335.46666666667
1684298837.1693916,22866.133333333335,15074.133333333333,49410.13333333333
1684298837.219472,22871.466666666667,15088.0,49240.53333333333
1684298837.269376,22877.866666666665,15120.0,49211.73333333333
1684298837.3194509,22882.133333333335,15107.2,49285.333333333336
1684298837.3693337,22889.6,15174.4,49422.933333333334
1684298837.4194562,22894.933333333334,15221.333333333334,49592.53333333333
1684298837.469338,22902.4,15299.2,49767.46666666667
1684298837.519372,22908.8,15286.4,49971.2
1684298837.569333,22836.266666666666,15223.466666666667,50421.333333333336
1684298837.6194618,22775.466666666667,15296.0,50667.73333333333
1684298837.669348,22414.933333333334,15294.933333333332,50909.86666666667
1684298837.719356,22055.466666666667,15259.733333333334,51120.0
1684298837.7693386,21750.4,15254.4,51259.73333333333
1684298837.8194177,21393.066666666666,15268.266666666666,51463.46666666667
1684298837.869352,20976.0,15238.4,51642.666666666664
1684298837.9193344,20613.333333333332,15250.133333333333,51868.8
1684298837.9693325,20245.333333333332,14724.266666666666,52026.666666666664
1684298838.0196834,19825.066666666666,14158.933333333332,52322.13333333333
1684298838.0692194,19448.533333333333,13627.733333333334,52526.933333333334
1684298838.1194162,19074.133333333335,13038.933333333332,52711.46666666667
1684298838.1694162,18647.466666666667,12374.4,52980.26666666667
1684298838.219462,18274.133333333335,11649.066666666668,53316.26666666667
1684298838.2695577,17901.866666666665,10960.0,53560.53333333333
1684298838.3195782,17527.466666666667,10297.6,53799.46666666667
1684298838.369369,17159.466666666667,9596.8,53899.73333333333
1684298838.4194286,16796.8,8741.333333333334,54059.73333333333
1684298838.4693496,16434.133333333335,8089.6,54318.933333333334
1684298838.519344,16077.866666666667,7382.4,54469.333333333336
1684298838.569376,15722.666666666666,6594.133333333333,54621.86666666667
1684298838.619408,15367.466666666667,5922.133333333333,54811.73333333333
1684298838.6693926,14964.266666666666,5118.933333333333,55212.8
1684298838.7200441,14612.266666666666,4439.466666666666,55424.0
1684298838.7697191,14265.6,4029.866666666667,55670.4
1684298838.8191135,13916.8,4050.133333333333,55853.86666666667
1684298838.8689797,13620.266666666666,4062.9333333333334,56027.73333333333
1684298838.919359,13323.733333333334,4104.533333333334,56030.933333333334
1684298838.9693806,13026.133333333333,4119.466666666666,56187.73333333333
1684298839.0201147,12675.2,4126.933333333333,56379.73333333333
1684298839.070352,12326.4,4165.333333333333,56552.53333333333
1684298839.1178162,12024.533333333333,4170.666666666667,56667.73333333333
1684298839.1674345,11673.6,4318.933333333333,56867.2
1684298839.21743,11322.666666666666,4347.733333333334,57052.8
1684298839.2673216,10972.8,4394.666666666667,57253.333333333336
1684298839.3172991,10616.533333333333,4376.533333333334,57464.53333333333
1684298839.3674524,10208.0,4374.4,57894.4
1684298839.4173708,9849.6,4394.666666666667,58109.86666666667
1684298839.4673357,9478.4,4354.133333333333,58273.066666666666
1684298839.5174768,9176.533333333333,4360.533333333334,58455.46666666667
1684298839.5675328,8822.4,4332.8,58666.666666666664
1684298839.617522,8464.0,4346.666666666667,58897.066666666666
1684298839.667373,8156.8,4360.533333333334,59101.86666666667
1684298839.7173235,7800.533333333334,4694.4,59363.2
1684298839.7672977,7492.266666666666,4701.866666666667,59491.2
1684298839.8195665,7126.4,4715.733333333334,59725.86666666667
1684298839.869379,6762.666666666667,4891.733333333334,59912.53333333333
1684298839.919383,6249.6,4845.866666666667,60298.666666666664
1684298839.9693522,5831.466666666666,4811.733333333334,60665.6
1684298840.0196018,5523.2,4812.8,60778.666666666664
1684298840.069473,5160.533333333334,4878.933333333333,60952.53333333333
1684298840.121018,4796.8,4844.8,61096.53333333333
1684298840.1692147,4435.2,4846.933333333333,61259.73333333333
1684298840.2191434,4073.6,4833.066666666667,61620.26666666667
1684298840.268967,3709.866666666667,4834.133333333333,61841.066666666666
1684298840.3190207,3348.266666666667,4848.0,62044.8
1684298840.3693633,2984.5333333333333,4776.533333333334,62155.73333333333
1684298840.4194686,2673.0666666666666,4780.8,62220.8
1684298840.469355,2307.2,4702.933333333333,62313.6
1684298840.519344,1945.6,4755.2,62355.2
1684298840.5693622,1609.6,4749.866666666667,62330.666666666664
1684298840.6194007,1367.4666666666667,4763.733333333334,62128.0
1684298840.669391,1424.0,4855.466666666666,61940.26666666667
1684298840.719323,1480.5333333333333,4942.933333333333,61730.13333333333
1684298840.76932,1482.6666666666667,4919.466666666666,61670.4
1684298840.8193924,1485.8666666666666,4910.933333333333,61660.8
1684298840.8697927,1539.2,4952.533333333334,61712.0
1684298840.9190116,1538.1333333333334,4701.866666666667,61653.333333333336
1684298840.9690263,1592.5333333333333,4822.4,61713.066666666666
1684298841.019451,1592.5333333333333,4816.0,61653.333333333336
1684298841.069378,1539.2,4795.733333333334,61705.6
1684298841.1201646,1539.2,4750.933333333333,61552.0
1684298841.1694326,1534.9333333333334,4732.8,61543.46666666667
1684298841.2194495,1534.9333333333334,4745.6,61559.46666666667
1684298841.269359,1534.9333333333334,4678.4,61546.666666666664
1684298841.3193364,1534.9333333333334,4613.333333333333,61541.333333333336
1684298841.3693447,1534.9333333333334,4521.6,61573.333333333336
1684298841.4194317,1536.0,4535.466666666666,61555.2
1684298841.469396,1536.0,4473.6,61525.333333333336
1684298841.519334,1589.3333333333333,4436.266666666666,61371.73333333333
1684298841.5694115,1589.3333333333333,4442.666666666667,61405.86666666667
1684298841.6196253,1589.3333333333333,4340.266666666666,61361.066666666666
1684298841.6694322,1648.0,4369.066666666667,61132.8
1684298841.7193828,1648.0,4355.2,61143.46666666667
1684298841.769362,1644.8,4388.266666666666,61120.0
1684298841.8194282,1644.8,4369.066666666667,61128.53333333333
1684298841.869344,1591.4666666666667,4454.4,61144.53333333333
1684298841.9193635,1537.0666666666666,4366.933333333333,61340.8
1684298841.9693327,1484.8,4352.0,61316.26666666667
1684298842.0196114,1485.8666666666666,4472.533333333334,61166.933333333334
1684298842.069561,1485.8666666666666,4514.133333333333,60972.8
1684298842.1196127,1431.4666666666667,4529.066666666667,61108.26666666667
1684298842.1694505,1431.4666666666667,4428.8,61118.933333333334
1684298842.219463,1434.6666666666667,4486.4,60920.53333333333
1684298842.269358,1434.6666666666667,4506.666666666667,60949.333333333336
1684298842.3194442,1489.0666666666666,4578.133333333333,60766.933333333334
1684298842.3693247,1540.2666666666667,4630.4,60782.933333333334
1684298842.4194236,1595.7333333333333,4619.733333333334,60596.26666666667
1684298842.469356,1651.2,4663.466666666666,60445.86666666667
1684298842.519331,1650.1333333333334,4686.933333333333,60291.2
1684298842.5693443,1645.8666666666666,4721.066666666667,60299.73333333333
1684298842.619381,1648.0,4707.2,60296.53333333333
1684298842.6693716,1592.5333333333333,4760.533333333334,60330.666666666664
1684298842.7193792,1593.6,4446.933333333333,60346.666666666664
1684298842.7693903,1538.1333333333334,4526.933333333333,60346.666666666664
1684298842.8193889,1538.1333333333334,4480.0,60372.26666666667
1684298842.8694031,1539.2,4264.533333333334,60390.4
1684298842.9193285,1592.5333333333333,4391.466666666666,60244.26666666667
1684298842.9693527,1592.5333333333333,4385.066666666667,60265.6
1684298843.0194619,1538.1333333333334,4410.666666666667,60386.13333333333
1684298843.0693872,1632.0,4406.4,60300.8
1684298843.1195967,1632.0,4413.866666666667,60320.0
1684298843.169415,1632.0,4411.733333333334,60352.0
1684298843.2194345,1632.0,4438.4,60330.666666666664
1684298843.2695932,1632.0,4430.933333333333,60318.933333333334
1684298843.3193848,1634.1333333333334,4438.4,60309.333333333336
1684298843.369339,1634.1333333333334,4483.2,60289.066666666666
1684298843.4194186,1584.0,4429.866666666667,60315.73333333333
1684298843.4693372,1584.0,4464.0,60083.2
1684298843.519417,1582.9333333333334,4397.866666666667,60024.53333333333
1684298843.5693169,1581.8666666666666,4450.133333333333,60021.333333333336
1684298843.6194146,1579.7333333333333,4392.533333333334,60144.0
1684298843.669343,1524.2666666666667,4374.4,60308.26666666667
1684298843.7193656,1468.8,4280.533333333334,60520.53333333333
1684298843.7693572,1413.3333333333333,4327.466666666666,60718.933333333334
1684298843.8194156,1410.1333333333334,4387.2,60701.86666666667
1684298843.8693666,1357.8666666666666,4340.266666666666,60697.6
1684298843.9193554,1358.9333333333334,4288.0,60698.666666666664
1684298843.9693267,1304.5333333333333,4154.666666666667,60648.53333333333
1684298844.0198882,1304.5333333333333,4161.066666666667,60666.666666666664
1684298844.0691214,1360.0,4161.066666666667,60614.4
1684298844.1190226,1360.0,4165.333333333333,60771.2
1684298844.168191,1360.0,4164.266666666666,60547.2
1684298844.2182522,1360.0,4198.4,60370.13333333333
1684298844.269446,1412.2666666666667,4233.6,60360.53333333333
1684298844.3193984,1522.1333333333334,4294.4,60121.6
1684298844.3695433,1522.1333333333334,4327.466666666666,60146.13333333333
1684298844.419462,1525.3333333333333,4313.6,60209.066666666666
1684298844.4693556,1528.5333333333333,4393.6,60248.53333333333
1684298844.5193648,1476.2666666666667,4379.733333333334,60443.73333333333
1684298844.569355,1477.3333333333333,4364.8,60470.4
1684298844.6194177,1478.4,4343.466666666666,60478.933333333334
1684298844.6693459,1420.8,4282.666666666667,60713.6
1684298844.7193496,1426.1333333333334,4282.666666666667,60747.73333333333
1684298844.7693315,1426.1333333333334,4225.066666666667,60691.2
1684298844.819412,1426.1333333333334,4224.0,60708.26666666667
1684298844.8693507,1479.4666666666667,4126.933333333333,60546.13333333333
1684298844.9193203,1478.4,4133.333333333333,60552.53333333333
1684298844.9693236,1478.4,4132.266666666666,60620.8
1684298845.019548,1479.4666666666667,4043.733333333333,60811.73333333333
1684298845.069428,1480.5333333333333,3988.266666666667,60967.46666666667
1684298845.1204252,1480.5333333333333,4043.733333333333,60986.666666666664
1684298845.1688707,1479.4666666666667,4023.4666666666667,60970.666666666664
1684298845.2187548,1477.3333333333333,3963.733333333333,60952.53333333333
1684298845.269006,1479.4666666666667,4022.4,60996.26666666667
1684298845.318933,1425.0666666666666,3962.6666666666665,61164.8
1684298845.369344,1371.7333333333333,3942.4,61132.8
1684298845.4193969,1317.3333333333333,3952.0,61344.0
1684298845.4693778,1261.8666666666666,3933.866666666667,61510.4
1684298845.51933,1207.4666666666667,3904.0,61690.666666666664
1684298845.5693593,1260.8,3893.3333333333335,61525.333333333336
1684298845.6194115,1257.6,3893.3333333333335,61476.26666666667
1684298845.6693766,1256.5333333333333,3819.733333333333,61461.333333333336
1684298845.7193232,1309.8666666666666,3873.0666666666666,61344.0
1684298845.7693498,1309.8666666666666,3794.133333333333,61348.26666666667
1684298845.819385,1309.8666666666666,3853.866666666667,61360.0
1684298845.8693707,1308.8,3906.133333333333,61334.4
1684298845.9193437,1255.4666666666667,3991.4666666666667,61542.4
1684298845.9693584,1256.5333333333333,4062.9333333333334,61556.26666666667
1684298846.0193863,1445.3333333333333,4122.666666666667,61393.066666666666
1684298846.069625,1351.4666666666667,4088.5333333333333,61516.8
1684298846.1197095,1351.4666666666667,4080.0,61501.86666666667
1684298846.1697285,1405.8666666666666,4200.533333333334,61312.0
1684298846.218938,1409.0666666666666,4241.066666666667,61335.46666666667
1684298846.2687304,1465.6,4314.666666666667,61358.933333333334
1684298846.3187447,1514.6666666666667,4308.266666666666,61326.933333333334
1684298846.3695874,1514.6666666666667,4288.0,61377.066666666666
1684298846.4194832,1566.9333333333334,4301.866666666667,61367.46666666667
1684298846.4693558,1566.9333333333334,4286.933333333333,61575.46666666667
1684298846.51936,1566.9333333333334,4285.866666666667,61627.73333333333
1684298846.5693228,1566.9333333333334,4219.733333333334,61577.6
1684298846.6194136,1513.6,4218.666666666667,61644.8
1684298846.6693628,1514.6666666666667,4165.333333333333,61659.73333333333
1684298846.7193608,1514.6666666666667,4171.733333333334,61643.73333333333
1684298846.769319,1514.6666666666667,4107.733333333334,61589.333333333336
1684298846.8194253,1516.8,4068.266666666667,61637.333333333336
1684298846.8693504,1515.7333333333333,4096.0,61625.6
1684298846.9193609,1515.7333333333333,4155.733333333334,61639.46666666667
1684298846.9693277,1569.0666666666666,4243.2,61485.86666666667
1684298847.0196545,1569.0666666666666,4290.133333333333,61504.0
1684298847.0695436,1512.5333333333333,4376.533333333334,61506.13333333333
1684298847.1194465,1565.8666666666666,4433.066666666667,61370.666666666664
1684298847.169548,1565.8666666666666,4486.4,61553.066666666666
1684298847.2194607,1565.8666666666666,4432.0,61733.333333333336
1684298847.2693985,1513.6,4474.666666666667,61762.13333333333
1684298847.3194184,1403.7333333333333,4414.933333333333,61948.8
1684298847.3693278,1403.7333333333333,4408.533333333334,61902.933333333334
1684298847.4194112,1400.5333333333333,4408.533333333334,61892.26666666667
1684298847.4693544,1397.3333333333333,4308.266666666666,61862.4
1684298847.5193584,1399.4666666666667,4307.2,61829.333333333336
1684298847.569334,1398.4,4308.266666666666,61805.86666666667
1684298847.6194124,1399.4666666666667,4376.533333333334,61801.6
1684298847.6693888,1449.6,4376.533333333334,61602.13333333333
1684298847.7193644,1444.2666666666667,4474.666666666667,61597.86666666667
1684298847.7693245,1444.2666666666667,4565.333333333333,61677.86666666667
1684298847.819409,1500.8,4685.866666666667,61488.0
1684298847.86935,1502.9333333333334,4711.466666666666,61619.2
1684298847.9193232,1557.3333333333333,4750.933333333333,61388.8
1684298847.969324,1613.8666666666666,4834.133333333333,61152.0
1684298848.019397,1616.0,4803.2,61164.8
1684298848.0693445,1616.0,4857.6,61193.6
1684298848.119407,1616.0,4789.333333333333,61126.4
1684298848.1697242,1617.0666666666666,4776.533333333334,61091.2
1684298848.2194703,1623.4666666666667,4777.6,61340.8
1684298848.269551,1621.3333333333333,4698.666666666667,61332.26666666667
1684298848.3193893,1621.3333333333333,4698.666666666667,61281.066666666666
1684298848.3693435,1675.7333333333333,4707.2,61170.13333333333
1684298848.4193938,1674.6666666666667,4722.133333333333,61155.2
1684298848.469374,1674.6666666666667,4722.133333333333,61213.86666666667
1684298848.5193248,1673.6,4780.8,61219.2
1684298848.569361,1620.2666666666667,4771.2,61389.86666666667
1684298848.6193423,1621.3333333333333,4829.866666666667,61415.46666666667
1684298848.669408,1621.3333333333333,4870.4,61451.73333333333
1684298848.719336,1566.9333333333334,4796.8,61517.86666666667
1684298848.7693148,1566.9333333333334,4803.2,61513.6
1684298848.8193617,1566.9333333333334,4737.066666666667,61467.73333333333
1684298848.8693864,1566.9333333333334,4758.4,61462.4
1684298848.919318,1621.3333333333333,4606.933333333333,61240.53333333333
1684298848.9693522,1620.2666666666667,4541.866666666667,61221.333333333336
1684298849.019308,1431.4666666666667,4435.2,61374.933333333334
1684298849.069429,1484.8,4429.866666666667,61161.6
1684298849.1193633,1484.8,4429.866666666667,61174.4
1684298849.1695676,1430.4,4371.2,61364.26666666667
1684298849.219371,1427.2,4316.8,61342.933333333334
1684298849.26947,1370.6666666666667,4296.533333333334,61370.666666666664
1684298849.3193243,1321.6,4315.733333333334,61392.0
1684298849.3695047,1321.6,4436.266666666666,61294.933333333334
1684298849.419335,1269.3333333333333,4475.733333333334,61261.86666666667
1684298849.4694433,1269.3333333333333,4522.666666666667,61283.2
1684298849.5193348,1269.3333333333333,4611.2,61275.73333333333
1684298849.5693204,1269.3333333333333,4632.533333333334,61353.6
1684298849.6193376,1381.3333333333333,4674.133333333333,61170.13333333333
1684298849.6693792,1380.2666666666667,4694.4,61161.6
1684298849.7193496,1434.6666666666667,4740.266666666666,61003.73333333333
1684298849.7693205,1563.7333333333333,4861.866666666667,60881.066666666666
1684298849.8193045,1618.1333333333334,4822.4,60674.13333333333
1684298849.8693764,1618.1333333333334,4821.333333333333,60666.666666666664
1684298849.9193182,1674.6666666666667,4770.133333333333,60648.53333333333
1684298849.969312,1623.4666666666667,4725.333333333333,60819.2
1684298850.0195596,1623.4666666666667,4664.533333333334,60796.8
1684298850.069489,1623.4666666666667,4686.933333333333,60841.6
1684298850.1193726,1570.1333333333334,4644.266666666666,61001.6
1684298850.1695306,1570.1333333333334,4663.466666666666,61015.46666666667
1684298850.21936,1571.2,4684.8,61047.46666666667
1684298850.2694423,1571.2,4620.8,61033.6
1684298850.3193555,1624.5333333333333,4739.2,60853.333333333336
1684298850.3693345,1624.5333333333333,4732.8,60874.666666666664
1684298850.4193218,1624.5333333333333,4766.933333333333,60885.333333333336
1684298850.469393,1677.8666666666666,4841.6,60724.26666666667
1684298850.5193253,1674.6666666666667,4836.266666666666,60757.333333333336
1684298850.5693352,1674.6666666666667,4836.266666666666,60811.73333333333
1684298850.6193113,1672.5333333333333,4781.866666666667,60790.4
1684298850.6693842,1621.3333333333333,4780.8,60934.4
1684298850.719324,1625.6,4681.6,60929.066666666666
1684298850.7693353,1625.6,4629.333333333333,60861.86666666667
1684298850.8193219,1569.0666666666666,4508.8,61094.4
1684298850.8694024,1513.6,4509.866666666667,61093.333333333336
1684298850.9193301,1459.2,4457.6,61281.066666666666
1684298850.9693491,1402.6666666666667,4407.466666666666,61460.26666666667
1684298851.019313,1452.8,4482.133333333333,61270.4
1684298851.0694182,1451.7333333333333,4474.666666666667,61235.2
1684298851.1193576,1451.7333333333333,4480.0,61293.86666666667
1684298851.1695843,1623.4666666666667,4531.2,61085.86666666667
1684298851.2193308,1617.0666666666666,4603.733333333334,61019.73333333333
1684298851.2694516,1617.0666666666666,4642.133333333333,61028.26666666667
1684298851.3193245,1617.0666666666666,4668.8,61035.73333333333
1684298851.3693135,1561.6,4606.933333333333,61177.6
1684298851.41935,1563.7333333333333,4599.466666666666,61163.73333333333
1684298851.469399,1620.2666666666667,4652.8,60930.13333333333
1684298851.519356,1674.6666666666667,4642.133333333333,60788.26666666667
1684298851.569309,1729.0666666666666,4695.466666666666,60569.6
1684298851.6193156,1783.4666666666667,4743.466666666666,60369.066666666666
1684298851.6693838,1783.4666666666667,4736.0,60328.53333333333
1684298851.7193296,1893.3333333333333,4797.866666666667,60102.4
1684298851.7693143,1896.5333333333333,4806.4,60113.066666666666
1684298851.8193328,1900.8,4806.4,60158.933333333334
1684298851.8693883,1954.1333333333334,4814.933333333333,60130.13333333333
1684298851.919352,1900.8,4768.0,60337.066666666666
1684298851.9693294,1900.8,4759.466666666666,60359.46666666667
1684298852.019594,1900.8,4787.2,60350.933333333334
1684298852.0695543,1847.4666666666667,4778.666666666667,60546.13333333333
1684298852.1194155,1848.5333333333333,4852.266666666666,60593.066666666666
1684298852.1695333,1848.5333333333333,4858.666666666667,60450.13333333333
1684298852.2193344,1848.5333333333333,4859.733333333334,60474.666666666664
1684298852.2694407,1848.5333333333333,4792.533333333334,60462.933333333334
1684298852.319387,1846.4,4773.333333333333,60416.0
1684298852.369361,1846.4,4652.8,60519.46666666667
1684298852.4193175,1899.7333333333333,4660.266666666666,60432.0
1684298852.4696198,1899.7333333333333,4608.0,60365.86666666667
1684298852.5204897,1953.0666666666666,4519.466666666666,60332.8
1684298852.5697534,1953.0666666666666,4584.533333333334,60213.333333333336
1684298852.6186752,1841.0666666666666,4528.0,60179.2
1684298852.6685476,1844.2666666666667,4507.733333333334,60235.73333333333
1684298852.7193763,1789.8666666666666,4448.0,60358.4
1684298852.7696621,1660.8,4385.066666666667,60485.333333333336
1684298852.81945,1605.3333333333333,4419.2,60682.666666666664
1684298852.8694882,1605.3333333333333,4406.4,60731.73333333333
1684298852.9193485,1548.8,4404.266666666666,60737.066666666666
1684298852.969339,1600.0,4408.533333333334,60538.666666666664
1684298853.0193253,1600.0,4469.333333333333,60542.933333333334
1684298853.069439,1600.0,4361.6,60545.066666666666
1684298853.1193388,1653.3333333333333,4402.133333333333,60443.73333333333
1684298853.1695423,1705.6,4307.2,60435.2
1684298853.219336,1704.5333333333333,4299.733333333334,60417.066666666666
1684298853.2696853,1709.8666666666666,4297.6,60434.13333333333
1684298853.3194203,1714.1333333333334,4161.066666666667,60475.73333333333
1684298853.3693438,1769.6,4226.133333333333,60284.8
1684298853.419334,1769.6,4232.533333333334,60204.8
1684298853.469421,1718.4,4198.4,60378.666666666664
1684298853.519417,1725.8666666666666,4197.333333333333,60381.86666666667
1684298853.5693207,1729.0666666666666,4252.8,60327.46666666667
1684298853.6193144,1730.1333333333334,4238.933333333333,60337.066666666666
1684298853.6694202,1783.4666666666667,4311.466666666666,60398.933333333334
1684298853.7193353,1782.4,4320.0,60408.53333333333
1684298853.769327,1783.4666666666667,4304.0,60475.73333333333
1684298853.8193388,1850.6666666666667,4442.666666666667,60413.86666666667
1684298853.8694665,1850.6666666666667,4428.8,60400.0
1684298853.9193776,1850.6666666666667,4455.466666666666,60458.666666666664
1684298853.9693284,1850.6666666666667,4400.0,60516.26666666667
1684298854.0193417,1797.3333333333333,4337.066666666667,60714.666666666664
1684298854.0694163,1798.4,4289.066666666667,60697.6
1684298854.1193552,1798.4,4302.933333333333,60695.46666666667
1684298854.169536,1626.6666666666667,4250.666666666667,60898.13333333333
1684298854.2193413,1680.0,4232.533333333334,60759.46666666667
1684298854.2695332,1680.0,4243.2,60742.4
1684298854.31936,1680.0,4270.933333333333,60739.2
1684298854.3695967,1682.1333333333334,4305.066666666667,60724.26666666667
1684298854.4193718,1680.0,4298.666666666667,60729.6
1684298854.4694304,1623.4666666666667,4325.333333333333,60929.066666666666
1684298854.5194526,1569.0666666666666,4358.4,60893.86666666667
1684298854.56934,1513.6,4365.866666666667,61105.066666666666
1684298854.61956,1458.1333333333334,4258.133333333333,61284.26666666667
1684298854.6694767,1512.5333333333333,4306.133333333333,61115.73333333333
1684298854.7193527,1402.6666666666667,4245.333333333333,61356.8
1684298854.769353,1400.5333333333333,4243.2,61338.666666666664
1684298854.8193142,1395.2,4244.266666666666,61280.0
1684298854.869441,1341.8666666666666,4155.733333333334,61328.0
1684298854.9193277,1395.2,4157.866666666667,61210.666666666664
1684298854.969363,1395.2,4158.933333333333,61171.2
1684298855.0195184,1450.6666666666667,4206.933333333333,60996.26666666667
1684298855.0695035,1505.0666666666666,4258.133333333333,60950.4
1684298855.11937,1502.9333333333334,4292.266666666666,60924.8
1684298855.1695666,1505.0666666666666,4238.933333333333,61062.4
1684298855.2193456,1505.0666666666666,4298.666666666667,61022.933333333334
1684298855.2695367,1508.2666666666667,4327.466666666666,60999.46666666667
1684298855.319352,1562.6666666666667,4331.733333333334,60834.13333333333
1684298855.369316,1618.1333333333334,4381.866666666667,60618.666666666664
1684298855.4193375,1564.8,4322.133333333333,60709.333333333336
1684298855.469404,1569.0666666666666,4348.8,60755.2
1684298855.5193553,1520.0,4330.666666666667,60777.6
1684298855.5693161,1522.1333333333334,4272.0,60891.73333333333
1684298855.61931,1575.4666666666667,4277.333333333333,60893.86666666667
1684298855.6693704,1572.2666666666667,4237.866666666667,60898.13333333333
1684298855.7193208,1572.2666666666667,4237.866666666667,60935.46666666667
1684298855.7693174,1625.6,4253.866666666667,60993.066666666666
1684298855.819304,1625.6,4252.8,60999.46666666667
1684298855.8693614,1625.6,4251.733333333334,60962.13333333333
1684298855.9193408,1625.6,4316.8,60995.2
1684298855.969328,1572.2666666666667,4290.133333333333,61232.0
1684298856.0193577,1573.3333333333333,4275.2,61277.86666666667
1684298856.0693674,1573.3333333333333,4288.0,61240.53333333333
1684298856.1193435,1520.0,4228.266666666666,61358.933333333334
1684298856.1695106,1467.7333333333333,4252.8,61352.53333333333
1684298856.2193499,1467.7333333333333,4247.466666666666,61340.8
1684298856.2695122,1462.4,4296.533333333334,61288.53333333333
1684298856.319363,1406.9333333333334,4299.733333333334,61424.0
1684298856.3693538,1351.4666666666667,4241.066666666667,61617.066666666666
1684298856.419313,1351.4666666666667,4180.266666666666,61628.8
1684298856.4693782,1403.7333333333333,4176.0,61433.6
1684298856.5193124,1397.3333333333333,4176.0,61386.666666666664
1684298856.5693417,1394.1333333333334,4128.0,61422.933333333334
1684298856.6193044,1393.0666666666666,4141.866666666667,61397.333333333336
1684298856.6694014,1339.7333333333333,4108.8,61345.066666666666
1684298856.7193208,1337.6,4114.133333333333,61337.6
1684298856.769309,1336.5333333333333,4116.266666666666,61270.4
1684298856.8193195,1269.3333333333333,3996.8,61285.333333333336
1684298856.8693953,1269.3333333333333,4050.133333333333,61332.26666666667
1684298856.9193103,1269.3333333333333,4109.866666666667,61340.8
1684298856.969344,1269.3333333333333,4140.8,61289.6
1684298857.0196157,1270.4,4128.0,61304.53333333333
1684298857.0695956,1270.4,4257.066666666667,61397.333333333336
1684298857.1193397,1326.9333333333334,4241.066666666667,61193.6
1684298857.169534,1329.0666666666666,4254.933333333333,61216.0
1684298857.2193532,1275.7333333333333,4182.4,61386.666666666664
1684298857.2695274,1275.7333333333333,4106.666666666667,61398.4
1684298857.319447,1275.7333333333333,4053.3333333333335,61431.46666666667
1684298857.3693242,1274.6666666666667,4040.5333333333333,61432.53333333333
1684298857.4193087,1275.7333333333333,4039.4666666666667,61441.066666666666
1684298857.469396,1275.7333333333333,4118.4,61475.2
1684298857.5193586,1276.8,4062.9333333333334,61698.13333333333
1684298857.5693064,1277.8666666666666,4022.4,61718.4
1684298857.6193347,1277.8666666666666,4038.4,61694.933333333334
1684298857.6693823,1223.4666666666667,3977.6,61899.73333333333
1684298857.719343,1275.7333333333333,4030.9333333333334,61740.8
1684298857.7693036,1274.6666666666667,4030.9333333333334,61790.933333333334
1684298857.819327,1275.7333333333333,4116.266666666666,61849.6
1684298857.8693748,1329.0666666666666,4197.333333333333,61625.6
1684298857.9193382,1274.6666666666667,4182.4,61731.2
1684298857.9693172,1274.6666666666667,4241.066666666667,61788.8
1684298858.019304,1219.2,4186.666666666667,61963.73333333333
1684298858.0693865,1164.8,4136.533333333334,61981.86666666667
1684298858.1196256,1165.8666666666666,4028.8,62000.0
1684298858.1691415,1163.7333333333333,4022.4,61968.0
1684298858.2189581,1163.7333333333333,3960.5333333333333,62067.2
1684298858.269654,1160.5333333333333,4019.2,61866.666666666664
1684298858.3193917,1106.1333333333334,4013.866666666667,62040.53333333333
1684298858.3693328,1050.6666666666667,3977.6,62226.13333333333
1684298858.419341,1105.0666666666666,3998.9333333333334,62206.933333333334
1684298858.46941,1101.8666666666666,3971.2,62208.0
1684298858.5193233,1097.6,4011.733333333333,62198.4
1684298858.5693448,1148.8,4065.0666666666666,62005.333333333336
1684298858.6193173,1095.4666666666667,4134.4,62184.53333333333
1684298858.669423,1095.4666666666667,4216.533333333334,61997.86666666667
1684298858.719326,1095.4666666666667,4348.8,61947.73333333333
1684298858.7693346,1042.1333333333334,4333.866666666667,61867.73333333333
1684298858.8193145,1098.6666666666667,4374.4,61725.86666666667
1684298858.869416,1153.0666666666666,4423.466666666666,61737.6
1684298858.9193308,1208.5333333333333,4339.2,61716.26666666667
1684298858.9696338,1208.5333333333333,4340.266666666666,61638.4
1684298859.0206835,1211.7333333333333,4329.6,61425.066666666666
1684298859.0698166,1211.7333333333333,4329.6,61399.46666666667
1684298859.118477,1267.2,4328.533333333334,61444.26666666667
1684298859.168561,1269.3333333333333,4346.666666666667,61424.0
1684298859.21946,1269.3333333333333,4345.6,61469.86666666667
1684298859.2696269,1270.4,4350.933333333333,61511.46666666667
1684298859.3193493,1268.2666666666667,4384.0,61548.8
1684298859.3696094,1268.2666666666667,4375.466666666666,61549.86666666667
1684298859.4193826,1268.2666666666667,4408.533333333334,61536.0
1684298859.469426,1213.8666666666666,4392.533333333334,61737.6
1684298859.5193362,1216.0,4477.866666666667,61800.53333333333
1684298859.5693285,1216.0,4476.8,61776.0
1684298859.6193109,1216.0,4464.0,61792.0
1684298859.669387,1216.0,4405.333333333333,61826.13333333333
1684298859.7193518,1214.9333333333334,4400.0,61804.8
1684298859.7693095,1214.9333333333334,4398.933333333333,61872.0
1684298859.8197916,1214.9333333333334,4365.866666666667,61789.86666666667
1684298859.8692722,1214.9333333333334,4311.466666666666,61744.0
1684298859.9193516,1214.9333333333334,4264.533333333334,61729.066666666666
1684298859.9687252,1214.9333333333334,4277.333333333333,61718.4
1684298860.0188112,1213.8666666666666,4276.266666666666,61705.6
1684298860.0694585,1212.8,4195.2,61655.46666666667
1684298860.1193407,1156.2666666666667,4190.933333333333,61817.6
1684298860.1695468,1154.1333333333334,4262.4,61859.2
1684298860.2193437,1155.2,4286.933333333333,61864.53333333333
1684298860.269541,1155.2,4401.066666666667,61691.73333333333
1684298860.319385,1155.2,4453.333333333333,61671.46666666667
1684298860.3693569,1155.2,4446.933333333333,61636.26666666667
1684298860.4193108,1154.1333333333334,4455.466666666666,61607.46666666667
1684298860.4694476,1154.1333333333334,4329.6,61459.2
1684298860.5193288,1207.4666666666667,4384.0,61234.13333333333
1684298860.5693214,1207.4666666666667,4343.466666666666,61254.4
1684298860.6193027,1207.4666666666667,4530.133333333333,61325.86666666667
1684298860.6694064,1317.3333333333333,4650.666666666667,61075.2
1684298860.7193224,1320.5333333333333,4616.533333333334,61204.26666666667
1684298860.7693396,1376.0,4668.8,61037.86666666667
1684298860.8193197,1432.5333333333333,4708.266666666666,60801.066666666666
1684298860.8693876,1396.2666666666667,4648.533333333334,60992.0
1684298860.9193122,1402.6666666666667,4650.666666666667,60969.6
1684298860.9693239,1402.6666666666667,4645.333333333333,60907.73333333333
1684298861.0194473,1403.7333333333333,4644.266666666666,60932.26666666667
1684298861.0694127,1406.9333333333334,4695.466666666666,60998.4
1684298861.119543,1406.9333333333334,4696.533333333334,61002.666666666664
1684298861.1695411,1408.0,4690.133333333333,60979.2
1684298861.2193747,1458.1333333333334,4740.266666666666,60818.13333333333
1684298861.2694976,1458.1333333333334,4680.533333333334,60994.13333333333
1684298861.319369,1458.1333333333334,4680.533333333334,61040.0
1684298861.3693216,1458.1333333333334,4709.333333333333,61075.2
1684298861.4193857,1403.7333333333333,4701.866666666667,61099.73333333333
1684298861.4694037,1402.6666666666667,4700.8,61125.333333333336
1684298861.5193155,1402.6666666666667,4693.333333333333,61107.2
1684298861.5693092,1349.3333333333333,4631.466666666666,61243.73333333333
1684298861.619335,1350.4,4610.133333333333,61270.4
1684298861.669372,1350.4,4567.466666666666,61408.0
1684298861.7193413,1349.3333333333333,4462.933333333333,61419.73333333333
1684298861.7693017,1399.4666666666667,4424.533333333334,61285.333333333336
1684298861.8193183,1341.8666666666666,4371.2,61397.333333333336
1684298861.8693647,1287.4666666666667,4395.733333333334,61405.86666666667
1684298861.9193313,1285.3333333333333,4468.266666666666,61303.46666666667
1684298861.9696217,1285.3333333333333,4580.266666666666,61348.26666666667
1684298862.0196376,1281.0666666666666,4597.333333333333,61410.13333333333
1684298862.0695844,1283.2,4583.466666666666,61440.0
1684298862.1193476,1227.7333333333333,4584.533333333334,61381.333333333336
1684298862.169516,1225.6,4603.733333333334,61302.4
1684298862.219329,1225.6,4604.8,61235.2
1684298862.2695062,1280.0,4560.0,61175.46666666667
1684298862.3193974,1280.0,4606.933333333333,61198.933333333334
1684298862.3693593,1281.0666666666666,4658.133333333333,61229.86666666667
1684298862.4193108,1281.0666666666666,4711.466666666666,61282.13333333333
1684298862.4694302,1337.6,4713.6,61269.333333333336
1684298862.5193284,1334.4,4649.6,61206.4
1684298862.5693514,1389.8666666666666,4710.4,61045.333333333336
1684298862.6193187,1500.8,4829.866666666667,60866.13333333333
1684298862.669405,1502.9333333333334,4865.066666666667,60849.066666666666
1684298862.719313,1502.9333333333334,4856.533333333334,60851.2
1684298862.7693257,1506.1333333333334,4937.6,60826.666666666664
1684298862.8193123,1508.2666666666667,4958.933333333333,60928.0
1684298862.869387,1508.2666666666667,4998.4,60968.53333333333
1684298862.9193127,1509.3333333333333,4945.066666666667,60961.066666666666
1684298862.969308,1509.3333333333333,4925.866666666667,60961.066666666666
1684298863.019324,1511.4666666666667,4926.933333333333,60973.86666666667
1684298863.0693808,1511.4666666666667,4872.533333333334,60980.26666666667
1684298863.1193426,1511.4666666666667,4872.533333333334,60996.26666666667
1684298863.1695263,1512.5333333333333,4766.933333333333,60960.0
1684298863.219354,1511.4666666666667,4774.4,60951.46666666667
1684298863.2696393,1511.4666666666667,4652.8,61086.933333333334
1684298863.3194146,1561.6,4613.333333333333,61106.13333333333
1684298863.3693414,1561.6,4612.266666666666,61096.53333333333
1684298863.419324,1561.6,4663.466666666666,61159.46666666667
1684298863.4693933,1616.0,4712.533333333334,61138.13333333333
1684298863.5194266,1561.6,4644.266666666666,61312.0
1684298863.5693166,1561.6,4678.4,61264.0
1684298863.6193237,1561.6,4476.8,61196.8
1684298863.6694052,1451.7333333333333,4428.8,61415.46666666667
1684298863.7193465,1397.3333333333333,4408.533333333334,61450.666666666664
1684298863.7693279,1341.8666666666666,4343.466666666666,61604.26666666667
1684298863.8193007,1285.3333333333333,4204.8,61760.0
1684298863.8693798,1271.4666666666667,4198.4,61760.0
1684298863.9193344,1265.0666666666666,4196.266666666666,61762.13333333333
1684298863.9693537,1269.3333333333333,4119.466666666666,61790.933333333334
1684298864.0193045,1321.6,4194.133333333333,61756.8
1684298864.0694034,1319.4666666666667,4155.733333333334,61705.6
1684298864.11936,1319.4666666666667,4230.4,61708.8
1684298864.1695557,1430.4,4228.266666666666,61750.4
1684298864.2193193,1380.2666666666667,4291.2,61888.0
1684298864.2695398,1380.2666666666667,4283.733333333334,61863.46666666667
