Time,Right Hand Signal,Head Signal,Strain Gauge Signal
1684295878.7074153,1015.4666666666667,3930.6666666666665,62514.13333333333
1684295878.757426,1015.4666666666667,3868.8,62501.333333333336
1684295878.8074749,1015.4666666666667,3772.8,62504.53333333333
1684295878.8574266,1017.6,3834.6666666666665,62321.066666666666
1684295878.9074419,1017.6,3824.0,62266.666666666664
1684295878.9574413,1017.6,3764.266666666667,62237.86666666667
1684295879.007505,1072.0,3751.4666666666667,62280.53333333333
1684295879.057465,1072.0,3756.8,62292.26666666667
1684295879.1074414,1068.8,3796.266666666667,62276.26666666667
1684295879.157428,1069.8666666666666,3953.0666666666666,62317.86666666667
1684295879.2074776,1070.9333333333334,4019.2,62107.73333333333
1684295879.257611,1074.1333333333334,3994.6666666666665,62146.13333333333
1684295879.3076632,1118.9333333333334,4088.5333333333333,61921.066666666666
1684295879.3576472,1118.9333333333334,4062.9333333333334,61884.8
1684295879.4076033,1123.2,4029.866666666667,61918.933333333334
1684295879.4575536,1124.2666666666667,4107.733333333334,61971.2
1684295879.5074446,1069.8666666666666,4081.0666666666666,61979.73333333333
1684295879.5574665,1122.1333333333334,4148.266666666666,61941.333333333336
1684295879.6075046,1069.8666666666666,4089.6,61944.53333333333
1684295879.6574264,1070.9333333333334,4084.266666666667,61965.86666666667
1684295879.7077262,1072.0,4005.3333333333335,61932.8
1684295879.7574854,1072.0,4005.3333333333335,62126.933333333334
1684295879.8076339,1070.9333333333334,3937.0666666666666,62110.933333333334
1684295879.8575776,1122.1333333333334,3913.6,62082.13333333333
1684295879.907416,1069.8666666666666,3941.3333333333335,62116.26666666667
1684295879.957443,1069.8666666666666,3921.0666666666666,62092.8
1684295880.0074978,1070.9333333333334,4026.6666666666665,62096.0
1684295880.0574684,1070.9333333333334,3945.6,62249.6
1684295880.1074045,1065.6,3944.5333333333333,62241.066666666666
1684295880.1574426,1065.6,3963.733333333333,62289.066666666666
1684295880.2074764,1065.6,4003.2,62536.53333333333
1684295880.2574599,1116.8,3990.4,62548.26666666667
1684295880.307608,1117.8666666666666,3882.6666666666665,62554.666666666664
1684295880.3574674,1117.8666666666666,3936.0,62604.8
1684295880.4074893,1118.9333333333334,3917.866666666667,62602.666666666664
1684295880.4579492,1120.0,4056.5333333333333,62807.46666666667
1684295880.5074015,1174.4,4057.6,63015.46666666667
1684295880.557099,1227.7333333333333,4045.866666666667,63062.4
1684295880.6063933,1227.7333333333333,4103.466666666666,62855.46666666667
1684295880.6562748,1227.7333333333333,4102.4,62808.53333333333
1684295880.7074606,1228.8,4270.933333333333,62726.4
1684295880.757446,1345.0666666666666,4264.533333333334,62561.066666666666
1684295880.8075395,1399.4666666666667,4292.266666666666,62619.73333333333
1684295880.8574345,1456.0,4295.466666666666,62578.13333333333
1684295880.9074516,1457.0666666666666,4336.0,62536.53333333333
1684295880.9574144,1515.7333333333333,4315.733333333334,62506.666666666664
1684295881.0075638,1515.7333333333333,4330.666666666667,62534.4
1684295881.057445,1517.8666666666666,4363.733333333334,62539.73333333333
1684295881.1074495,1517.8666666666666,4408.533333333334,62493.86666666667
1684295881.15746,1465.6,4381.866666666667,62520.53333333333
1684295881.2075233,1466.6666666666667,4354.133333333333,62529.066666666666
1684295881.2574449,1521.0666666666666,4454.4,62369.066666666666
1684295881.3076885,1520.0,4446.933333333333,62425.6
1684295881.3574991,1521.0666666666666,4519.466666666666,62394.666666666664
1684295881.4075334,1521.0666666666666,4561.066666666667,62267.73333333333
1684295881.4574397,1521.0666666666666,4553.6,62326.4
1684295881.507413,1523.2,4612.266666666666,62361.6
1684295881.558259,1524.2666666666667,4617.6,62338.13333333333
1684295881.6077788,1524.2666666666667,4619.733333333334,62338.13333333333
1684295881.6565197,1524.2666666666667,4556.8,62374.4
1684295881.7064517,1523.2,4587.733333333334,62369.066666666666
1684295881.7574477,1523.2,4580.266666666666,62353.066666666666
1684295881.8075283,1524.2666666666667,4630.4,62363.73333333333
1684295881.8574321,1472.0,4556.8,62547.2
1684295881.9074028,1473.0666666666666,4582.4,62584.53333333333
1684295881.9574335,1526.4,4669.866666666667,62401.066666666666
1684295882.0074751,1472.0,4668.8,62371.2
1684295882.0575023,1470.9333333333334,4675.2,62348.8
1684295882.1076283,1546.6666666666667,4708.266666666666,62061.86666666667
1684295882.157486,1546.6666666666667,4786.133333333333,62053.333333333336
1684295882.2074988,1545.6,4733.866666666667,62228.26666666667
1684295882.2574444,1543.4666666666667,4844.8,62234.666666666664
1684295882.3076065,1546.6666666666667,4759.466666666666,62439.46666666667
1684295882.3574595,1604.2666666666667,4805.333333333333,62237.86666666667
1684295882.40749,1652.2666666666667,4820.266666666666,62235.73333333333
1684295882.4574025,1651.2,4732.8,62182.4
1684295882.5073903,1706.6666666666667,4736.0,61987.2
1684295882.55741,1710.9333333333334,4646.4,62016.0
1684295882.6074727,1710.9333333333334,4652.8,62028.8
1684295882.6574607,1764.2666666666667,4646.4,61969.066666666666
1684295882.7074416,1765.3333333333333,4660.266666666666,61992.53333333333
1684295882.7574167,1952.0,4653.866666666667,62008.53333333333
1684295882.8074856,2448.0,4746.666666666667,61843.2
1684295882.8574274,2830.9333333333334,4779.733333333334,61870.933333333334
1684295882.9074464,3211.733333333333,4765.866666666667,61886.933333333334
1684295882.957612,3592.5333333333333,4812.8,61882.666666666664
1684295883.0075355,3995.733333333333,4730.666666666667,61875.2
1684295883.057419,4395.733333333334,4782.933333333333,61930.666666666664
1684295883.1074204,4795.733333333334,4791.466666666666,61872.0
1684295883.1574352,5216.0,4765.866666666667,61883.73333333333
1684295883.2075872,5641.6,4726.4,61882.666666666664
1684295883.2574198,6020.266666666666,4713.6,61849.6
1684295883.3076398,6452.266666666666,4732.8,61797.333333333336
1684295883.3574202,6876.8,4665.6,61792.0
1684295883.4074821,7269.333333333333,4665.6,61789.86666666667
1684295883.4574208,7667.2,4506.666666666667,61799.46666666667
1684295883.5074258,8070.4,4521.6,61601.066666666666
1684295883.5573921,8424.533333333333,4520.533333333334,61564.8
1684295883.60748,8826.666666666666,4502.4,61746.13333333333
1684295883.657388,9232.0,4494.933333333333,61750.4
1684295883.7074432,9653.333333333334,4330.666666666667,61768.53333333333
1684295883.757396,9957.333333333334,4310.4,61932.8
1684295883.8074958,10334.933333333332,4357.333333333333,61932.8
1684295883.857409,10710.4,4398.933333333333,62021.333333333336
1684295883.907396,11149.866666666667,4379.733333333334,62062.933333333334
1684295883.9574313,11538.133333333333,4499.2,61946.666666666664
1684295884.0074635,11963.733333333334,4486.4,61870.933333333334
1684295884.0574439,12421.333333333334,4505.6,61514.666666666664
1684295884.1074233,12869.333333333334,4449.066666666667,61301.333333333336
1684295884.1574237,13314.133333333333,4424.533333333334,61221.333333333336
1684295884.2074556,13754.666666666666,4425.6,61081.6
1684295884.2576435,14083.2,4301.866666666667,61210.666666666664
1684295884.3076117,14460.8,4289.066666666667,61130.666666666664
1684295884.3574398,14839.466666666667,4215.466666666666,61058.13333333333
1684295884.4074638,15212.8,4149.333333333333,61074.13333333333
1684295884.4574294,15589.333333333334,4129.066666666667,60951.46666666667
1684295884.5074024,15973.333333333334,4077.866666666667,60877.86666666667
1684295884.557463,16345.6,4090.6666666666665,60790.4
1684295884.6074696,16713.6,4108.8,60747.73333333333
1684295884.6574345,17085.866666666665,4178.133333333333,60587.73333333333
1684295884.7075896,17452.8,4181.333333333333,60470.4
1684295884.7575557,17820.8,4273.066666666667,60413.86666666667
1684295884.8075402,18186.666666666668,4265.6,60286.933333333334
1684295884.8574078,18553.6,4349.866666666667,60169.6
1684295884.9074273,18976.0,4353.066666666667,59872.0
1684295884.9573956,19289.6,4286.933333333333,59947.73333333333
1684295885.0074594,19658.666666666668,4365.866666666667,59873.066666666666
1684295885.0573974,20026.666666666668,4392.533333333334,59720.53333333333
1684295885.107418,20318.933333333334,4405.333333333333,59844.26666666667
1684295885.157735,20686.933333333334,4232.533333333334,59493.333333333336
1684295885.2078145,21110.4,4272.0,59386.666666666664
1684295885.2571025,21477.333333333332,4146.133333333333,59187.2
1684295885.3072178,21792.0,4170.666666666667,58807.46666666667
1684295885.3574538,22105.6,4112.0,58980.26666666667
1684295885.4075367,22421.333333333332,4136.533333333334,58748.8
1684295885.4576664,22842.666666666668,4158.933333333333,58612.26666666667
1684295885.5074694,23155.2,4235.733333333334,58483.2
1684295885.5574195,23468.8,4258.133333333333,58289.066666666666
1684295885.6075335,23892.266666666666,4275.2,58073.6
1684295885.6574154,24256.0,4355.2,57720.53333333333
1684295885.707531,24677.333333333332,4356.266666666666,57546.666666666664
1684295885.7574234,24859.733333333334,4402.133333333333,57249.066666666666
1684295885.8077023,24732.8,4309.333333333333,57262.933333333334
1684295885.8574724,24661.333333333332,4275.2,57100.8
1684295885.9074354,24643.2,4617.6,56903.46666666667
1684295885.9573936,24624.0,4584.533333333334,56725.333333333336
1684295886.0075104,24583.466666666667,4577.066666666667,56522.666666666664
1684295886.057415,24547.2,4490.666666666667,56284.8
1684295886.107402,24506.666666666668,4483.2,56128.0
1684295886.1574845,24450.133333333335,4462.933333333333,55961.6
1684295886.2074685,24388.266666666666,4462.933333333333,55719.46666666667
1684295886.2574043,24318.933333333334,4435.2,55529.6
1684295886.307603,24248.533333333333,4427.733333333334,55372.8
1684295886.3574317,24180.266666666666,4450.133333333333,55152.0
1684295886.4074717,24149.333333333332,4435.2,54915.2
1684295886.4574108,24107.733333333334,4516.266666666666,54590.933333333334
1684295886.5073829,24003.2,4427.733333333334,54577.066666666666
1684295886.5573933,23950.933333333334,4468.266666666666,54410.666666666664
1684295886.6074517,23905.066666666666,4488.533333333334,54132.26666666667
1684295886.657407,23857.066666666666,4530.133333333333,53910.4
1684295886.7073812,23790.933333333334,4501.333333333333,53747.2
1684295886.7574182,23720.533333333333,4708.266666666666,53568.0
1684295886.8074958,23646.933333333334,5124.266666666666,53293.86666666667
1684295886.8574388,23573.333333333332,5602.133333333333,53046.4
1684295886.9074008,23489.066666666666,6247.466666666666,52772.26666666667
1684295886.9573941,23400.533333333333,6881.066666666667,52686.933333333334
1684295887.0074465,23331.2,7586.133333333333,52500.26666666667
1684295887.0577402,23281.066666666666,8370.133333333333,52446.933333333334
1684295887.1074636,23189.333333333332,9221.333333333334,52443.73333333333
1684295887.1575477,23153.066666666666,10200.533333333333,52036.26666666667
1684295887.2075162,23321.6,11223.466666666667,51771.73333333333
1684295887.2574596,23294.933333333334,12247.466666666667,51440.0
1684295887.3076446,23328.0,13161.6,51270.4
1684295887.3574376,23363.2,14039.466666666667,50945.066666666666
1684295887.4075143,23393.066666666666,14837.333333333334,50871.46666666667
1684295887.4574456,23421.866666666665,15712.0,50647.46666666667
1684295887.5074015,23446.4,16430.933333333334,50478.933333333334
1684295887.5573807,23478.4,17129.6,50170.666666666664
1684295887.607462,23459.2,17701.333333333332,50036.26666666667
1684295887.6573977,23442.133333333335,18203.733333333334,50039.46666666667
1684295887.707426,23477.333333333332,18650.666666666668,49776.0
1684295887.7573845,23466.666666666668,18572.8,49625.6
1684295887.8074818,23448.533333333333,18558.933333333334,49550.933333333334
1684295887.8574214,23435.733333333334,18516.266666666666,49524.26666666667
1684295887.9076731,23367.466666666667,18489.6,49613.86666666667
1684295887.957714,23354.666666666668,18454.4,49469.86666666667
1684295888.00755,23397.333333333332,18404.266666666666,49195.73333333333
1684295888.0574126,23384.533333333333,18331.733333333334,49109.333333333336
1684295888.1074219,23372.8,18243.2,49072.0
1684295888.1575038,23360.0,18157.866666666665,49213.86666666667
1684295888.2074988,23293.866666666665,18090.666666666668,49091.2
1684295888.257419,23291.733333333334,18109.866666666665,49042.13333333333
1684295888.3076262,23278.933333333334,18064.0,49246.933333333334
1684295888.357419,23262.933333333334,18076.8,49097.6
1684295888.4074905,23304.533333333333,18037.333333333332,49061.333333333336
1684295888.4574108,23238.4,18009.6,48992.0
1684295888.5073907,23232.0,17922.133333333335,49067.73333333333
1684295888.5574133,23221.333333333332,17969.066666666666,49072.0
1684295888.6074467,23159.466666666667,17964.8,49019.73333333333
1684295888.657436,23099.733333333334,17876.266666666666,49192.53333333333
1684295888.7074296,23042.133333333335,17928.533333333333,49162.666666666664
1684295888.757418,23038.933333333334,17857.066666666666,49237.333333333336
1684295888.8074534,23032.533333333333,17902.933333333334,49200.0
1684295888.8574135,23030.4,17896.533333333333,49088.0
1684295888.907413,23028.266666666666,17576.533333333333,48953.6
1684295888.9574342,23084.8,17622.4,48732.8
1684295889.007453,23134.933333333334,17632.0,48689.066666666666
1684295889.0575416,23132.8,17666.133333333335,48708.26666666667
1684295889.1074004,23188.266666666666,17654.4,48465.066666666666
1684295889.157482,23182.933333333334,17682.133333333335,48443.73333333333
1684295889.2074592,23173.333333333332,17668.266666666666,48497.066666666666
1684295889.2576864,23169.066666666666,17683.2,48526.933333333334
1684295889.3076172,23165.866666666665,17671.466666666667,48488.53333333333
1684295889.3574548,23164.8,17643.733333333334,48522.666666666664
1684295889.4074924,23210.666666666668,17745.066666666666,48439.46666666667
1684295889.4574084,23207.466666666667,17670.4,48542.933333333334
1684295889.507422,23207.466666666667,17730.133333333335,48538.666666666664
1684295889.5574691,23211.733333333334,17683.2,48572.8
1684295889.6075099,23211.733333333334,17608.533333333333,48649.6
1684295889.657404,23209.6,17543.466666666667,48669.86666666667
1684295889.7074487,23211.733333333334,17550.933333333334,48645.333333333336
1684295889.7576032,23212.8,17317.333333333332,48586.666666666664
1684295889.807558,23211.733333333334,16814.933333333334,48638.933333333334
1684295889.857407,23211.733333333334,16291.2,48629.333333333336
1684295889.90744,23210.666666666668,15625.6,48626.13333333333
1684295889.9573967,23261.866666666665,14932.266666666666,48429.86666666667
1684295890.0074856,23255.466666666667,14206.933333333332,48419.2
1684295890.057393,23213.866666666665,13356.8,48602.666666666664
1684295890.107384,23212.8,12579.2,48624.0
1684295890.157489,23160.533333333333,11598.933333333332,48855.46666666667
1684295890.2074573,22907.733333333334,10574.933333333332,49031.46666666667
1684295890.2573974,22910.933333333334,9560.533333333333,49133.86666666667
1684295890.3075953,22983.466666666667,8725.333333333334,48963.2
1684295890.3574147,22924.8,8273.066666666668,49164.8
1684295890.4074678,22881.066666666666,8018.133333333333,49066.666666666664
1684295890.4573998,22832.0,7813.333333333333,49216.0
1684295890.507381,22832.0,7752.533333333334,49030.4
1684295890.557406,22840.533333333333,7883.733333333334,49074.13333333333
1684295890.6074486,22901.333333333332,8030.933333333333,49032.53333333333
1684295890.657426,22964.266666666666,8318.933333333332,48723.2
1684295890.7073915,22978.133333333335,8710.4,48885.333333333336
1684295890.757415,22984.533333333333,9611.733333333334,48971.73333333333
1684295890.8074594,23049.6,10564.266666666666,48992.0
1684295890.85742,23058.133333333335,11459.2,48935.46666666667
1684295890.9073832,23065.6,12355.2,48955.73333333333
1684295890.9574287,23084.8,13227.733333333334,49001.6
1684295891.0074823,23028.266666666666,13970.133333333333,49189.333333333336
1684295891.0574405,23028.266666666666,14732.8,49161.6
1684295891.1073823,23029.333333333332,15539.2,49176.53333333333
1684295891.1574986,23029.333333333332,16225.066666666668,49130.666666666664
1684295891.2074661,23081.6,16909.866666666665,49104.0
1684295891.257425,23072.0,17622.4,49132.8
1684295891.3075886,23066.666666666668,18307.2,49044.26666666667
1684295891.3574853,23060.266666666666,18995.2,49022.933333333334
1684295891.407477,23000.533333333333,19580.8,49025.066666666666
1684295891.4574044,22995.2,19805.866666666665,49070.933333333334
1684295891.5077057,22982.4,19805.866666666665,49050.666666666664
1684295891.557758,22977.066666666666,19805.866666666665,49072.0
1684295891.6071677,22964.266666666666,19774.933333333334,49139.2
1684295891.6570199,22955.733333333334,19776.0,49194.666666666664
1684295891.7074575,22939.733333333334,19762.133333333335,49184.0
1684295891.7574134,22924.8,19786.666666666668,49128.53333333333
1684295891.8076198,22910.933333333334,19786.666666666668,49168.0
1684295891.8574195,22906.666666666668,19769.6,49219.2
1684295891.9074378,22951.466666666667,19749.333333333332,49330.13333333333
1684295891.9573808,22889.6,19696.0,49510.4
1684295892.007544,22833.066666666666,19748.266666666666,49395.2
1684295892.0577407,22828.8,19733.333333333332,49382.4
1684295892.1074727,22768.0,19811.2,49427.2
1684295892.1574743,22821.333333333332,19863.466666666667,49239.46666666667
1684295892.2075307,22818.133333333335,19897.6,49211.73333333333
1684295892.2574098,22873.6,19957.333333333332,49014.4
1684295892.307641,22869.333333333332,19941.333333333332,49094.4
1684295892.3574305,22926.933333333334,20008.533333333333,49064.53333333333
1684295892.407504,22875.733333333334,19912.533333333333,49184.0
1684295892.457409,22878.933333333334,19946.666666666668,49168.0
1684295892.5073998,22878.933333333334,19886.933333333334,49182.933333333334
1684295892.5574095,22873.6,19885.866666666665,49186.13333333333
1684295892.6074474,22932.266666666666,19888.0,49115.73333333333
1684295892.657415,22940.8,19883.733333333334,49146.666666666664
1684295892.707386,22944.0,19877.333333333332,49170.13333333333
1684295892.757528,23002.666666666668,19865.6,49168.0
1684295892.8075013,23006.933333333334,19892.266666666666,49147.73333333333
1684295892.8574264,23013.333333333332,19880.533333333333,49169.066666666666
1684295892.9073615,23019.733333333334,19900.8,49195.73333333333
1684295892.9577203,22972.8,19828.266666666666,49357.86666666667
1684295893.00752,22984.533333333333,19880.533333333333,49412.26666666667
1684295893.0574172,22979.2,19896.533333333333,49366.4
1684295893.107375,22979.2,19819.733333333334,49380.26666666667
1684295893.1574996,22983.466666666667,19812.266666666666,49376.0
1684295893.2074463,22988.8,19799.466666666667,49346.13333333333
1684295893.257388,22992.0,19833.6,49399.46666666667
1684295893.3076262,22877.866666666665,19740.8,49589.333333333336
1684295893.3574076,22889.6,19330.133333333335,49548.8
1684295893.4074488,22905.6,18755.2,49606.4
1684295893.4573896,22980.266666666666,18161.066666666666,49461.333333333336
1684295893.507413,22945.066666666666,17482.666666666668,49643.73333333333
1684295893.5574067,22908.8,16598.4,49941.333333333336
1684295893.6074693,22875.733333333334,15852.8,50131.2
1684295893.657369,22827.733333333334,15011.2,50532.26666666667
1684295893.7073965,22779.733333333334,14158.933333333332,50788.26666666667
1684295893.7573614,22779.733333333334,13243.733333333334,50947.2
1684295893.8074436,22722.133333333335,12364.8,50949.333333333336
1684295893.8573797,22778.666666666668,11480.533333333333,51102.933333333334
1684295893.9073782,22869.333333333332,10650.666666666666,51150.933333333334
1684295893.9573894,23045.333333333332,9799.466666666667,51334.4
1684295894.007416,23207.466666666667,9031.466666666667,51502.933333333334
1684295894.0573633,22905.6,8291.2,51681.066666666666
1684295894.1073925,22549.333333333332,7507.2,51896.53333333333
1684295894.1574702,22246.4,6873.6,52081.066666666666
1684295894.207427,21836.8,6202.666666666667,52371.2
1684295894.257651,21480.533333333333,5484.8,52580.26666666667
1684295894.307586,21129.6,4793.6,52807.46666666667
1684295894.3574433,20779.733333333334,4099.2,53037.86666666667
1684295894.4074638,20428.8,3513.6,53267.2
1684295894.4574277,20077.866666666665,3344.0,53480.53333333333
1684295894.5073647,19728.0,3356.8,53716.26666666667
1684295894.5573874,19374.933333333334,3323.733333333333,53920.0
1684295894.6074762,19025.066666666666,3336.5333333333333,54093.86666666667
1684295894.6574244,18675.2,3342.9333333333334,54228.26666666667
1684295894.707423,18327.466666666667,3309.866666666667,54443.73333333333
1684295894.757648,17977.6,3303.4666666666667,54654.933333333334
1684295894.807469,17627.733333333334,3258.6666666666665,54798.933333333334
1684295894.8574214,17323.733333333334,3365.3333333333335,54822.4
1684295894.9073713,16917.333333333332,3363.2,54984.53333333333
1684295894.9573429,16561.066666666666,3422.9333333333334,55244.8
1684295895.0074053,16203.733333333334,3368.5333333333333,55569.066666666666
1684295895.057408,15845.333333333334,3454.9333333333334,55732.26666666667
1684295895.107383,15490.133333333333,3388.8,56138.666666666664
1684295895.1575053,15131.733333333334,3389.866666666667,56379.73333333333
1684295895.2074378,14780.8,3369.6,56619.73333333333
1684295895.257393,14370.133333333333,3458.133333333333,57027.2
1684295895.3076367,14069.333333333334,3490.133333333333,57175.46666666667
1684295895.3574004,13746.133333333333,3480.5333333333333,57287.46666666667
1684295895.4074216,13445.333333333334,3540.266666666667,57286.4
1684295895.4574182,13143.466666666667,3507.2,57469.86666666667
1684295895.5073664,12786.133333333333,3526.4,57648.0
1684295895.5573676,12490.666666666666,3534.9333333333334,57633.066666666666
1684295895.607399,12078.933333333332,3525.3333333333335,57916.8
1684295895.6574233,11717.333333333334,3566.9333333333334,58154.666666666664
1684295895.7073836,11356.8,3581.866666666667,58215.46666666667
1684295895.757353,10940.8,3620.266666666667,58484.26666666667
1684295895.8073664,10579.2,3618.133333333333,58704.0
1684295895.8574333,10267.733333333334,3730.133333333333,58807.46666666667
1684295895.9073567,9907.2,3729.0666666666666,59018.666666666664
1684295895.9573784,9544.533333333333,3787.733333333333,59270.4
1684295896.0073488,9181.866666666667,3768.5333333333333,59456.0
1684295896.0574508,8819.2,3765.3333333333335,59689.6
1684295896.1073508,8465.066666666668,3844.266666666667,59920.0
1684295896.1575096,8102.4,3850.6666666666665,60101.333333333336
1684295896.2073781,7739.733333333334,3915.733333333333,60359.46666666667
1684295896.2574654,7381.333333333333,3896.5333333333333,60572.8
1684295896.3076704,7011.2,3905.0666666666666,60631.46666666667
1684295896.3574276,6643.2,3904.0,60836.26666666667
1684295896.4073715,6267.733333333334,3995.733333333333,60850.13333333333
1684295896.4574766,5836.8,3933.866666666667,61148.8
1684295896.5073884,5461.333333333333,3926.4,61376.0
1684295896.5573618,5083.733333333334,4029.866666666667,61494.4
1684295896.6073804,4708.266666666666,4051.2,61496.53333333333
1684295896.6574225,4338.133333333333,4069.3333333333335,61563.73333333333
1684295896.7073932,3969.0666666666666,4056.5333333333333,61545.6
1684295896.7573545,3605.3333333333335,4089.6,61515.73333333333
1684295896.8073447,3251.2,4028.8,61742.933333333334
1684295896.857409,2830.9333333333334,4009.6,61805.86666666667
1684295896.9073575,2378.6666666666665,4010.6666666666665,61962.666666666664
1684295896.9573574,1884.8,4054.4,61773.86666666667
1684295897.0073528,1422.9333333333334,4164.266666666666,61607.46666666667
1684295897.0574174,1369.6,4162.133333333333,61637.333333333336
1684295897.107369,1477.3333333333333,4256.0,61372.8
1684295897.1576924,1422.9333333333334,4243.2,61312.0
1684295897.2074242,1424.0,4250.666666666667,61314.13333333333
1684295897.2574735,1477.3333333333333,4251.733333333334,61228.8
1684295897.3076808,1476.2666666666667,4284.8,61248.0
1684295897.357425,1476.2666666666667,4277.333333333333,61239.46666666667
1684295897.4073935,1478.4,4278.4,61278.933333333334
1684295897.4574702,1478.4,4257.066666666667,61253.333333333336
1684295897.507382,1478.4,4250.666666666667,61282.13333333333
1684295897.5573483,1478.4,4258.133333333333,61249.066666666666
1684295897.6073804,1478.4,4242.133333333333,61257.6
1684295897.6574256,1479.4666666666667,4288.0,61291.73333333333
1684295897.7074294,1478.4,4294.4,61241.6
1684295897.7573605,1476.2666666666667,4366.933333333333,61253.333333333336
1684295897.8073363,1526.4,4369.066666666667,61083.73333333333
1684295897.8574471,1470.9333333333334,4294.4,61243.73333333333
1684295897.9073746,1470.9333333333334,4333.866666666667,61282.13333333333
1684295897.9576652,1470.9333333333334,4289.066666666667,61262.933333333334
1684295898.0076957,1469.8666666666666,4356.266666666666,61154.13333333333
1684295898.0573058,1470.9333333333334,4263.466666666666,61196.8
1684295898.1070383,1469.8666666666666,4270.933333333333,61170.13333333333
1684295898.1575158,1416.5333333333333,4209.066666666667,61281.066666666666
1684295898.2073936,1416.5333333333333,4184.533333333334,61232.0
1684295898.257503,1414.4,4162.133333333333,61056.0
1684295898.3079681,1414.4,4144.0,61024.0
1684295898.357524,1380.2666666666667,4126.933333333333,61112.53333333333
1684295898.4073744,1323.7333333333333,4074.6666666666665,61363.2
1684295898.4574714,1323.7333333333333,4109.866666666667,61248.0
1684295898.5073872,1380.2666666666667,4154.666666666667,60978.13333333333
1684295898.5573792,1377.0666666666666,4197.333333333333,60952.53333333333
1684295898.6073701,1373.8666666666666,4238.933333333333,60923.73333333333
1684295898.657442,1373.8666666666666,4224.0,60904.53333333333
1684295898.7073615,1374.9333333333334,4231.466666666666,61024.0
1684295898.7573824,1376.0,4218.666666666667,61030.4
1684295898.80735,1429.3333333333333,4326.4,60983.46666666667
1684295898.85747,1377.0666666666666,4227.2,61108.26666666667
1684295898.9073637,1376.0,4274.133333333333,61105.066666666666
1684295898.9574072,1376.0,4284.8,61133.86666666667
1684295899.0073647,1376.0,4272.0,61148.8
1684295899.05756,1376.0,4274.133333333333,61139.2
1684295899.1073816,1373.8666666666666,4187.733333333334,61160.53333333333
1684295899.15745,1373.8666666666666,4187.733333333334,61180.8
1684295899.207371,1376.0,4115.2,61172.26666666667
1684295899.2576597,1425.0666666666666,4130.133333333333,60940.8
1684295899.307627,1425.0666666666666,4129.066666666667,61077.333333333336
1684295899.3575554,1425.0666666666666,4149.333333333333,61125.333333333336
1684295899.4074056,1426.1333333333334,4081.0666666666666,61276.8
1684295899.4574428,1426.1333333333334,4101.333333333333,61294.933333333334
1684295899.5073678,1480.5333333333333,4196.266666666666,61083.73333333333
1684295899.5573537,1480.5333333333333,4120.533333333334,61044.26666666667
1684295899.6074386,1479.4666666666667,4113.066666666667,61053.86666666667
1684295899.657457,1532.8,4153.6,60852.26666666667
1684295899.7073953,1533.8666666666666,4226.133333333333,60808.53333333333
1684295899.7575824,1589.3333333333333,4252.8,60659.2
1684295899.807436,1587.2,4355.2,60619.73333333333
1684295899.8574476,1587.2,4381.866666666667,60478.933333333334
1684295899.9073973,1588.2666666666667,4365.866666666667,60353.066666666666
1684295899.9573565,1530.6666666666667,4341.333333333333,60567.46666666667
1684295900.007377,1531.7333333333333,4261.333333333333,60645.333333333336
1684295900.0574448,1538.1333333333334,4262.4,60669.86666666667
1684295900.1077235,1428.2666666666667,4156.8,60893.86666666667
1684295900.1576836,1429.3333333333333,4123.733333333334,60965.333333333336
1684295900.2074285,1431.4666666666667,4116.266666666666,60965.333333333336
1684295900.2574737,1378.1333333333334,4100.266666666666,61051.73333333333
1684295900.3074605,1379.2,4087.4666666666667,61054.933333333334
1684295900.3575695,1382.4,4088.5333333333333,61054.933333333334
1684295900.4073644,1381.3333333333333,4101.333333333333,61050.666666666664
1684295900.457437,1381.3333333333333,4078.9333333333334,61030.4
1684295900.5073655,1382.4,4158.933333333333,61059.2
1684295900.5573668,1382.4,4137.6,61045.333333333336
1684295900.6073477,1383.4666666666667,4184.533333333334,61038.933333333334
1684295900.6574395,1382.4,4213.333333333333,61050.666666666664
1684295900.707411,1381.3333333333333,4199.466666666666,61082.666666666664
1684295900.7573984,1382.4,4140.8,61067.73333333333
1684295900.8073475,1332.2666666666667,4138.666666666667,61204.26666666667
1684295900.8574862,1333.3333333333333,4190.933333333333,61236.26666666667
1684295900.9073632,1336.5333333333333,4152.533333333334,61210.666666666664
1684295900.957341,1336.5333333333333,4152.533333333334,61198.933333333334
1684295901.0073867,1337.6,4078.9333333333334,61301.333333333336
1684295901.0574484,1390.9333333333334,4106.666666666667,61277.86666666667
1684295901.1073515,1390.9333333333334,4100.266666666666,61285.333333333336
1684295901.1574585,1390.9333333333334,4072.5333333333333,61352.53333333333
1684295901.207355,1445.3333333333333,4169.6,61218.13333333333
1684295901.2574418,1445.3333333333333,4049.0666666666666,61325.86666666667
1684295901.3074284,1390.9333333333334,4069.3333333333335,61401.6
1684295901.3575983,1446.4,4049.0666666666666,61410.13333333333
1684295901.4073696,1446.4,4140.8,61418.666666666664
1684295901.4574292,1446.4,4121.6,61363.2
1684295901.5073628,1390.9333333333334,4104.533333333334,61522.13333333333
1684295901.557341,1390.9333333333334,4132.266666666666,61553.066666666666
1684295901.607344,1445.3333333333333,4117.333333333333,61385.6
1684295901.6574287,1445.3333333333333,4185.6,61377.066666666666
1684295901.7073905,1444.2666666666667,4178.133333333333,61351.46666666667
1684295901.7573328,1496.5333333333333,4306.133333333333,61044.26666666667
1684295901.8073463,1445.3333333333333,4200.533333333334,61096.53333333333
1684295901.8574202,1445.3333333333333,4205.866666666667,61108.26666666667
1684295901.9073586,1498.6666666666667,4252.8,61063.46666666667
1684295901.957337,1498.6666666666667,4211.2,61063.46666666667
1684295902.0073423,1498.6666666666667,4209.066666666667,61067.73333333333
1684295902.0576925,1499.7333333333333,4194.133333333333,61098.666666666664
1684295902.107458,1499.7333333333333,4234.666666666667,61064.53333333333
1684295902.1575053,1499.7333333333333,4254.933333333333,61051.73333333333
1684295902.2074163,1497.6,4295.466666666666,61070.933333333334
1684295902.2574532,1444.2666666666667,4279.466666666666,61264.0
1684295902.3074532,1448.5333333333333,4317.866666666667,61296.0
1684295902.357581,1501.8666666666666,4364.8,61077.333333333336
1684295902.4074326,1500.8,4405.333333333333,61079.46666666667
1684295902.4574442,1502.9333333333334,4400.0,61077.333333333336
1684295902.507404,1448.5333333333333,4325.333333333333,61265.066666666666
1684295902.5573628,1448.5333333333333,4393.6,61293.86666666667
1684295902.6073375,1501.8666666666666,4386.133333333333,61282.13333333333
1684295902.6574364,1448.5333333333333,4368.0,61467.73333333333
1684295902.7073696,1447.4666666666667,4295.466666666666,61505.066666666666
1684295902.7573807,1446.4,4304.0,61552.0
1684295902.8073404,1446.4,4183.466666666666,61524.26666666667
1684295902.8574557,1446.4,4182.4,61664.0
1684295902.9073389,1444.2666666666667,4130.133333333333,61774.933333333334
1684295902.9576995,1449.6,4084.266666666667,61776.0
1684295903.0074213,1449.6,4155.733333333334,61693.86666666667
1684295903.0574903,1443.2,4215.466666666666,61637.333333333336
1684295903.1073658,1498.6666666666667,4300.8,61448.53333333333
1684295903.1574726,1502.9333333333334,4293.333333333333,61502.933333333334
1684295903.2073781,1502.9333333333334,4322.133333333333,61461.333333333336
1684295903.2574162,1502.9333333333334,4356.266666666666,61436.8
1684295903.307392,1507.2,4408.533333333334,61435.73333333333
1684295903.357541,1504.0,4421.333333333333,61436.8
1684295903.4074068,1504.0,4406.4,61441.066666666666
1684295903.4574666,1557.3333333333333,4461.866666666667,61363.2
1684295903.5073676,1556.2666666666667,4389.333333333333,61350.4
1684295903.557346,1556.2666666666667,4428.8,61362.13333333333
1684295903.6073453,1555.2,4390.4,61389.86666666667
1684295903.6574013,1555.2,4316.8,61369.6
1684295903.7074478,1555.2,4356.266666666666,61384.53333333333
1684295903.7573502,1555.2,4334.933333333333,61406.933333333334
1684295903.8073425,1555.2,4333.866666666667,61416.53333333333
1684295903.8574135,1556.2666666666667,4257.066666666667,61421.86666666667
1684295903.9073844,1553.0666666666666,4269.866666666667,61401.6
1684295903.9573681,1553.0666666666666,4267.733333333334,61437.86666666667
1684295904.0073712,1553.0666666666666,4288.0,61445.333333333336
1684295904.0574274,1499.7333333333333,4281.6,61444.26666666667
1684295904.1073694,1499.7333333333333,4314.666666666667,61459.2
1684295904.1574292,1573.3333333333333,4356.266666666666,61400.53333333333
1684295904.2073438,1518.9333333333334,4282.666666666667,61568.0
1684295904.2576835,1574.4,4298.666666666667,61575.46666666667
1684295904.307673,1630.9333333333334,4280.533333333334,61575.46666666667
1684295904.3577304,1520.0,4362.666666666667,61593.6
1684295904.4074366,1520.0,4329.6,61605.333333333336
1684295904.4577243,1464.5333333333333,4391.466666666666,61813.333333333336
1684295904.5077555,1464.5333333333333,4358.4,61972.26666666667
1684295904.556694,1464.5333333333333,4344.533333333334,62137.6
1684295904.6066704,1410.1333333333334,4392.533333333334,62323.2
1684295904.6571152,1461.3333333333333,4379.733333333334,62317.86666666667
1684295904.706991,1515.7333333333333,4386.133333333333,62328.53333333333
1684295904.7576065,1462.4,4299.733333333334,62497.066666666666
1684295904.8074236,1460.2666666666667,4305.066666666667,62459.73333333333
1684295904.8574574,1466.6666666666667,4297.6,62459.73333333333
1684295904.907391,1413.3333333333333,4183.466666666666,62531.2
1684295904.9573646,1413.3333333333333,4168.533333333334,62498.13333333333
1684295905.007361,1467.7333333333333,4237.866666666667,62328.53333333333
1684295905.0574265,1465.6,4272.0,62330.666666666664
1684295905.1073508,1465.6,4250.666666666667,62364.8
1684295905.1574457,1465.6,4250.666666666667,62379.73333333333
1684295905.2073696,1465.6,4230.4,62379.73333333333
1684295905.257433,1465.6,4236.8,62404.26666666667
1684295905.307359,1461.3333333333333,4218.666666666667,62358.4
1684295905.3576174,1408.0,4137.6,62542.933333333334
1684295905.4073622,1408.0,4110.933333333333,62542.933333333334
1684295905.4574876,1405.8666666666666,4094.9333333333334,62552.53333333333
1684295905.5073943,1405.8666666666666,4161.066666666667,62574.933333333334
1684295905.557357,1409.0666666666666,4100.266666666666,62537.6
1684295905.607354,1355.7333333333333,4096.0,62560.0
1684295905.6574638,1355.7333333333333,4055.4666666666667,62565.333333333336
1684295905.7073643,1409.0666666666666,4116.266666666666,62360.53333333333
1684295905.7573926,1354.6666666666667,4049.0666666666666,62456.53333333333
1684295905.8073668,1354.6666666666667,4048.0,62487.46666666667
1684295905.8574436,1354.6666666666667,4042.6666666666665,62478.933333333334
1684295905.9073567,1354.6666666666667,4013.866666666667,62434.13333333333
1684295905.9573421,1351.4666666666667,4098.133333333333,62458.666666666664
1684295906.0073717,1350.4,4182.4,62600.53333333333
1684295906.0574121,1405.8666666666666,4105.6,62489.6
1684295906.1073968,1405.8666666666666,4033.0666666666666,62657.066666666666
1684295906.1574626,1401.6,4066.133333333333,62670.933333333334
1684295906.2073762,1453.8666666666666,4058.6666666666665,62673.066666666666
1684295906.2574275,1457.0666666666666,4037.3333333333335,62705.066666666666
1684295906.3073924,1457.0666666666666,4024.5333333333333,62700.8
1684295906.3576908,1457.0666666666666,4010.6666666666665,62678.4
1684295906.407456,1510.4,4076.8,62674.13333333333
1684295906.4575646,1457.0666666666666,4029.866666666667,62797.86666666667
1684295906.5073879,1457.0666666666666,4023.4666666666667,62789.333333333336
1684295906.557656,1457.0666666666666,3985.0666666666666,62740.26666666667
1684295906.607453,1457.0666666666666,3978.6666666666665,62721.066666666666
1684295906.6574597,1457.0666666666666,4017.0666666666666,62745.6
1684295906.7074366,1457.0666666666666,4020.266666666667,62701.86666666667
1684295906.7573721,1457.0666666666666,4040.5333333333333,62727.46666666667
1684295906.8073695,1457.0666666666666,4017.0666666666666,62711.46666666667
1684295906.858714,1509.3333333333333,4059.733333333333,62493.86666666667
1684295906.907694,1509.3333333333333,4046.9333333333334,62494.933333333334
1684295906.956704,1562.6666666666667,4055.4666666666667,62286.933333333334
1684295907.0073984,1563.7333333333333,4041.6,62265.6
1684295907.0594375,1563.7333333333333,4134.4,62289.066666666666
1684295907.10829,1620.2666666666667,4126.933333333333,62250.666666666664
1684295907.1569822,1546.6666666666667,4113.066666666667,62258.13333333333
1684295907.206744,1546.6666666666667,4147.2,62275.2
1684295907.2575748,1491.2,4132.266666666666,62265.6
1684295907.3074188,1434.6666666666667,4198.4,62202.666666666664
1684295907.3577247,1490.1333333333334,4123.733333333334,62215.46666666667
1684295907.4076204,1544.5333333333333,4067.2,62202.666666666664
1684295907.4571435,1544.5333333333333,4054.4,62181.333333333336
1684295907.5069895,1544.5333333333333,4061.866666666667,62173.86666666667
1684295907.5570774,1489.0666666666666,4005.3333333333335,62164.26666666667
1684295907.6074076,1544.5333333333333,3979.733333333333,61979.73333333333
1684295907.6575553,1495.4666666666667,3939.2,62012.8
1684295907.707381,1440.0,3925.3333333333335,61837.86666666667
1684295907.7574272,1443.2,3905.0666666666666,61947.73333333333
1684295907.8073943,1446.4,3899.733333333333,61970.13333333333
1684295907.857538,1438.9333333333334,3933.866666666667,61970.13333333333
1684295907.9073725,1438.9333333333334,3974.4,61938.13333333333
1684295907.9576292,1438.9333333333334,4014.9333333333334,61922.13333333333
1684295908.0074227,1384.5333333333333,3966.9333333333334,62091.73333333333
1684295908.057538,1384.5333333333333,3945.6,62070.4
1684295908.1073854,1438.9333333333334,4073.6,61894.4
1684295908.157433,1438.9333333333334,4060.8,61915.73333333333
1684295908.2073581,1438.9333333333334,4100.266666666666,61915.73333333333
1684295908.2575138,1492.2666666666667,4154.666666666667,61728.0
1684295908.3073978,1492.2666666666667,4140.8,61772.8
1684295908.3576226,1492.2666666666667,4153.6,61772.8
1684295908.4074013,1492.2666666666667,4147.2,61769.6
1684295908.4575117,1492.2666666666667,4149.333333333333,61738.666666666664
1684295908.5073693,1494.4,4058.6666666666665,61733.333333333336
1684295908.5573545,1491.2,4065.0666666666666,61717.333333333336
1684295908.6073723,1490.1333333333334,4062.9333333333334,61756.8
1684295908.6575058,1490.1333333333334,4083.2,61722.666666666664
1684295908.7074223,1436.8,4023.4666666666667,61893.333333333336
1684295908.7573524,1435.7333333333333,4055.4666666666667,61932.8
1684295908.8073933,1489.0666666666666,4076.8,61729.066666666666
1684295908.8575416,1489.0666666666666,4122.666666666667,61731.2
1684295908.9074216,1489.0666666666666,4170.666666666667,61790.933333333334
1684295908.9574692,1541.3333333333333,4268.8,61569.066666666666
1684295909.0073972,1485.8666666666666,4113.066666666667,61586.13333333333
1684295909.057487,1485.8666666666666,4194.133333333333,61611.73333333333
1684295909.1074126,1430.4,4292.266666666666,61500.8
1684295909.1573758,1485.8666666666666,4313.6,61288.53333333333
1684295909.207374,1488.0,4343.466666666666,61075.2
1684295909.2576268,1538.1333333333334,4400.0,61046.4
1684295909.3073893,1590.4,4360.533333333334,61044.26666666667
1684295909.3575711,1590.4,4368.0,61070.933333333334
1684295909.4076328,1537.0666666666666,4349.866666666667,60930.13333333333
1684295909.4575622,1537.0666666666666,4349.866666666667,60866.13333333333
1684295909.5073767,1590.4,4350.933333333333,60779.73333333333
1684295909.5573838,1590.4,4363.733333333334,60826.666666666664
1684295909.6074398,1590.4,4361.6,60814.933333333334
1684295909.6574984,1642.6666666666667,4355.2,60752.0
1684295909.7074947,1642.6666666666667,4332.8,60801.066666666666
1684295909.7576,1642.6666666666667,4326.4,60789.333333333336
1684295909.8074012,1642.6666666666667,4370.133333333333,60811.73333333333
1684295909.8575509,1589.3333333333333,4350.933333333333,60995.2
1684295909.9073737,1589.3333333333333,4362.666666666667,61035.73333333333
1684295909.957365,1536.0,4369.066666666667,61204.26666666667
1684295910.007352,1534.9333333333334,4370.133333333333,61226.666666666664
1684295910.0575109,1534.9333333333334,4290.133333333333,61251.2
1684295910.1073787,1478.4,4264.533333333334,61234.13333333333
1684295910.1573873,1478.4,4324.266666666666,61264.0
1684295910.2073855,1480.5333333333333,4297.6,61254.4
1684295910.2574537,1480.5333333333333,4316.8,61257.6
1684295910.3074121,1480.5333333333333,4229.333333333333,61287.46666666667
1684295910.3575623,1427.2,4227.2,61277.86666666667
1684295910.407399,1372.8,4225.066666666667,61230.933333333334
1684295910.457506,1372.8,4224.0,61138.13333333333
1684295910.5073838,1372.8,4215.466666666666,61125.333333333336
1684295910.5573463,1373.8666666666666,4208.0,61105.066666666666
1684295910.6073756,1319.4666666666667,4246.4,61321.6
1684295910.6576638,1321.6,4231.466666666666,61321.6
1684295910.7079265,1321.6,4258.133333333333,61495.46666666667
1684295910.7570457,1373.8666666666666,4297.6,61512.53333333333
1684295910.807042,1370.6666666666667,4323.2,61500.8
1684295910.8575404,1371.7333333333333,4310.4,61483.73333333333
1684295910.9074025,1374.9333333333334,4291.2,61502.933333333334
1684295910.9577544,1374.9333333333334,4264.533333333334,61494.4
1684295911.0075397,1374.9333333333334,4243.2,61448.53333333333
1684295911.057131,1428.2666666666667,4370.133333333333,61246.933333333334
1684295911.1069744,1377.0666666666666,4247.466666666666,61422.933333333334
1684295911.1574185,1377.0666666666666,4240.0,61436.8
1684295911.2073562,1377.0666666666666,4201.6,61371.73333333333
1684295911.2574987,1323.7333333333333,4141.866666666667,61557.333333333336
1684295911.3073714,1323.7333333333333,4135.466666666666,61566.933333333334
1684295911.3575864,1326.9333333333334,4108.8,61595.73333333333
1684295911.4073937,1326.9333333333334,4102.4,61592.53333333333
1684295911.4574995,1326.9333333333334,4073.6,61612.8
1684295911.507373,1324.8,4118.4,61579.73333333333
1684295911.5574012,1324.8,4104.533333333334,61614.933333333334
1684295911.6073503,1326.9333333333334,4097.066666666667,61604.26666666667
1684295911.6575546,1328.0,4075.733333333333,61594.666666666664
1684295911.7073634,1328.0,4114.133333333333,61632.0
1684295911.757389,1332.2666666666667,4107.733333333334,61598.933333333334
1684295911.8073437,1278.9333333333334,4086.4,61787.73333333333
1684295911.8575075,1278.9333333333334,4025.6,61795.2
1684295911.907372,1278.9333333333334,4066.133333333333,61638.4
1684295911.9573734,1225.6,3962.6666666666665,61796.26666666667
1684295912.0073538,1225.6,3936.0,61834.666666666664
1684295912.0576906,1176.5333333333333,3869.866666666667,62028.8
1684295912.1074264,1176.5333333333333,3771.733333333333,62128.0
1684295912.157416,1121.0666666666666,3777.0666666666666,62212.26666666667
1684295912.2073576,1063.4666666666667,3805.866666666667,62446.933333333334
1684295912.2575307,1013.3333333333334,3726.9333333333334,62462.933333333334
1684295912.3073802,1013.3333333333334,3744.0,62462.933333333334
1684295912.35759,1013.3333333333334,3737.6,62472.53333333333
1684295912.4073877,1068.8,3710.9333333333334,62578.13333333333
1684295912.4574974,1069.8666666666666,3702.4,62634.666666666664
1684295912.5074036,1019.7333333333333,3733.3333333333335,62726.4
1684295912.5573652,1020.8,3720.5333333333333,62678.4
1684295912.6073818,1074.1333333333334,3815.4666666666667,62477.86666666667
1684295912.6575546,1021.8666666666667,3802.6666666666665,62497.066666666666
1684295912.7075381,1021.8666666666667,3782.4,62483.2
1684295912.7573757,1072.0,3909.3333333333335,62443.73333333333
1684295912.8073752,1072.0,3890.133333333333,62468.26666666667
1684295912.85749,1072.0,3955.2,62519.46666666667
1684295912.9073894,1072.0,4228.266666666666,62545.066666666666
1684295912.9575734,1072.0,4221.866666666667,62541.86666666667
1684295913.0074456,1072.0,4220.8,62572.8
1684295913.057509,1072.0,4220.8,62459.73333333333
1684295913.1073868,1072.0,4218.666666666667,62490.666666666664
1684295913.1574073,1074.1333333333334,4138.666666666667,62494.933333333334
1684295913.2073932,1072.0,4145.066666666667,62451.2
1684295913.2574732,1073.0666666666666,4139.733333333334,62458.666666666664
1684295913.3074439,1126.4,4181.333333333333,62457.6
1684295913.3575675,1124.2666666666667,4174.933333333333,62482.13333333333
1684295913.4073992,1124.2666666666667,4208.0,62519.46666666667
1684295913.457608,1125.3333333333333,4174.933333333333,62637.86666666667
1684295913.5074112,1125.3333333333333,4229.333333333333,62595.2
1684295913.55736,1124.2666666666667,4256.0,62630.4
1684295913.6073568,1123.2,4252.8,62609.066666666666
1684295913.657563,1116.8,4307.2,62541.86666666667
1684295913.7073755,1117.8666666666666,4293.333333333333,62578.13333333333
1684295913.757377,1062.4,4318.933333333333,62576.0
1684295913.8073409,1062.4,4345.6,62567.46666666667
1684295913.8575187,1065.6,4326.4,62584.53333333333
1684295913.9073787,1062.4,4352.0,62385.066666666666
1684295913.9574444,1065.6,4346.666666666667,62407.46666666667
1684295914.0073526,1069.8666666666666,4348.8,62412.8
1684295914.057468,1016.5333333333333,4202.666666666667,62626.13333333333
1684295914.107369,1013.3333333333334,4212.266666666666,62579.2
1684295914.1574006,1066.6666666666667,4215.466666666666,62358.4
1684295914.20735,1066.6666666666667,4235.733333333334,62397.86666666667
1684295914.2576556,1066.6666666666667,4234.666666666667,62369.066666666666
1684295914.3073847,1118.9333333333334,4328.533333333334,62256.0
1684295914.357555,1115.7333333333333,4362.666666666667,62240.0
1684295914.407366,1115.7333333333333,4394.666666666667,62248.53333333333
1684295914.4575038,1170.1333333333334,4502.4,62073.6
1684295914.5074148,1170.1333333333334,4482.133333333333,62092.8
1684295914.557348,1173.3333333333333,4508.8,62097.066666666666
1684295914.6074443,1171.2,4795.733333333334,62113.066666666666
1684295914.6575708,1170.1333333333334,4849.066666666667,62121.6
1684295914.7074008,1173.3333333333333,4817.066666666667,62115.2
1684295914.757629,1170.1333333333334,4851.2,61932.8
1684295914.8074474,1170.1333333333334,4910.933333333333,61960.53333333333
1684295914.8574982,1171.2,4872.533333333334,61972.26666666667
1684295914.9074192,1171.2,4826.666666666667,62060.8
1684295914.957368,1171.2,4753.066666666667,62100.26666666667
1684295915.007339,1225.6,4813.866666666667,62018.13333333333
1684295915.057476,1219.2,4813.866666666667,62019.2
1684295915.107376,1219.2,4826.666666666667,62028.8
1684295915.1573892,1219.2,4994.133333333333,62156.8
1684295915.2073767,1219.2,4928.0,62114.13333333333
1684295915.2574959,1271.4666666666667,4977.066666666667,62062.933333333334
1684295915.3073623,1214.9333333333334,5012.266666666666,62037.333333333336
1684295915.3575935,1216.0,5032.533333333334,62030.933333333334
1684295915.4073713,1214.9333333333334,5015.466666666666,62007.46666666667
1684295915.4575315,1213.8666666666666,5085.866666666667,62014.933333333334
1684295915.5073688,1266.1333333333334,5074.133333333333,61992.53333333333
1684295915.5573757,1318.4,5074.133333333333,62034.13333333333
1684295915.6073499,1266.1333333333334,4995.2,62248.53333333333
1684295915.6575744,1266.1333333333334,4974.933333333333,62229.333333333336
1684295915.7074716,1317.3333333333333,5047.466666666666,62248.53333333333
1684295915.7573977,1268.2666666666667,4934.4,62305.066666666666
1684295915.8073654,1268.2666666666667,4980.266666666666,62294.4
1684295915.857508,1321.6,4909.866666666667,62045.86666666667
1684295915.9073749,1321.6,4625.066666666667,62035.2
1684295915.9573486,1322.6666666666667,4624.0,62089.6
1684295916.0073676,1322.6666666666667,4624.0,62119.46666666667
1684295916.0574718,1322.6666666666667,4610.133333333333,62181.333333333336
1684295916.1073952,1323.7333333333333,4587.733333333334,62199.46666666667
1684295916.1573951,1321.6,4621.866666666667,62156.8
1684295916.207424,1321.6,4608.0,62206.933333333334
1684295916.2574763,1320.5333333333333,4616.533333333334,62197.333333333336
1684295916.3074038,1267.2,4596.266666666666,62172.8
1684295916.3575747,1267.2,4615.466666666666,62116.26666666667
1684295916.4073956,1318.4,4603.733333333334,61924.26666666667
1684295916.4574842,1317.3333333333333,4584.533333333334,61885.86666666667
1684295916.5073726,1317.3333333333333,4550.4,61885.86666666667
1684295916.557346,1317.3333333333333,4593.066666666667,61889.066666666666
1684295916.6073651,1317.3333333333333,4589.866666666667,61847.46666666667
1684295916.6574762,1317.3333333333333,4602.666666666667,61885.86666666667
1684295916.707414,1316.2666666666667,4668.8,61913.6
1684295916.7573438,1316.2666666666667,4589.866666666667,61849.6
1684295916.807366,1319.4666666666667,4588.8,61901.86666666667
1684295916.8574898,1369.6,4688.0,61785.6
1684295916.9073567,1425.0666666666666,4707.2,61810.13333333333
1684295916.9573555,1475.2,4701.866666666667,61674.666666666664
1684295917.0073414,1470.9333333333334,4673.066666666667,61516.8
1684295917.0574615,1472.0,4712.533333333334,61536.0
1684295917.107621,1472.0,4697.6,61582.933333333334
1684295917.1574244,1419.7333333333333,4688.0,61809.066666666666
1684295917.2073574,1420.8,4666.666666666667,61760.0
1684295917.2576978,1421.8666666666666,4706.133333333333,61809.066666666666
1684295917.3077052,1369.6,4700.8,61900.8
1684295917.3576574,1369.6,4680.533333333334,61891.2
1684295917.4073749,1369.6,4742.4,61866.666666666664
1684295917.4575448,1315.2,4664.533333333334,62060.8
1684295917.5073743,1317.3333333333333,4729.6,62101.333333333336
1684295917.5577283,1317.3333333333333,4710.4,62121.6
1684295917.6073697,1318.4,4430.933333333333,62091.73333333333
1684295917.6575472,1318.4,4371.2,62090.666666666664
1684295917.7073739,1315.2,4371.2,62076.8
1684295917.757387,1315.2,4317.866666666667,62309.333333333336
1684295917.8073516,1368.5333333333333,4236.8,62165.333333333336
1684295917.8574505,1367.4666666666667,4249.6,62103.46666666667
1684295917.9073734,1368.5333333333333,4228.266666666666,62116.26666666667
1684295917.9575696,1370.6666666666667,4262.4,62115.2
1684295918.0074062,1316.2666666666667,4196.266666666666,62183.46666666667
1684295918.0575204,1316.2666666666667,4222.933333333333,62186.666666666664
1684295918.1073756,1369.6,4229.333333333333,62173.86666666667
1684295918.1573763,1369.6,4035.2,62140.8
1684295918.2073755,1370.6666666666667,4040.5333333333333,62173.86666666667
1684295918.2574823,1368.5333333333333,4135.466666666666,62137.6
1684295918.3073635,1368.5333333333333,4148.266666666666,62144.0
1684295918.357566,1422.9333333333334,4128.0,62105.6
1684295918.4073777,1368.5333333333333,4237.866666666667,62156.8
1684295918.457493,1422.9333333333334,4169.6,62115.2
1684295918.5073757,1425.0666666666666,4200.533333333334,61844.26666666667
1684295918.5573425,1371.7333333333333,4219.733333333334,61675.73333333333
1684295918.6073606,1426.1333333333334,4214.4,61596.8
1684295918.6574657,1431.4666666666667,4221.866666666667,61659.73333333333
1684295918.7074914,1380.2666666666667,4125.866666666667,61657.6
1684295918.757355,1379.2,4125.866666666667,61634.13333333333
1684295918.8073792,1380.2666666666667,4066.133333333333,61633.066666666666
1684295918.8574705,1326.9333333333334,4085.3333333333335,61862.4
1684295918.9074028,1326.9333333333334,4083.2,61849.6
1684295918.9574268,1325.8666666666666,4151.466666666666,61809.066666666666
1684295919.0073872,1325.8666666666666,4165.333333333333,61809.066666666666
1684295919.0574996,1325.8666666666666,4218.666666666667,61806.933333333334
1684295919.107402,1324.8,4256.0,61789.86666666667
1684295919.157378,1324.8,4241.066666666667,61806.933333333334
1684295919.2073565,1328.0,4274.133333333333,61792.0
1684295919.2576244,1381.3333333333333,4259.2,61800.53333333333
1684295919.3075848,1381.3333333333333,4299.733333333334,61834.666666666664
1684295919.3576353,1381.3333333333333,4288.0,61858.13333333333
1684295919.407389,1330.1333333333334,4267.733333333334,61998.933333333334
1684295919.4574986,1330.1333333333334,4327.466666666666,62028.8
1684295919.507385,1329.0666666666666,4315.733333333334,62023.46666666667
1684295919.557348,1328.0,4266.666666666667,62009.6
1684295919.6074455,1328.0,4193.066666666667,62039.46666666667
1684295919.657476,1382.4,4135.466666666666,61954.13333333333
1684295919.7073627,1382.4,4061.866666666667,61896.53333333333
1684295919.7575557,1437.8666666666666,4121.6,61745.066666666666
1684295919.807397,1434.6666666666667,4069.3333333333335,61745.066666666666
1684295919.8575323,1380.2666666666667,3989.3333333333335,61793.066666666666
1684295919.9073687,1325.8666666666666,4008.5333333333333,61996.8
1684295919.957377,1272.5333333333333,4057.6,62121.6
1684295920.0073416,1329.0666666666666,4160.0,62211.2
1684295920.0574532,1335.4666666666667,4141.866666666667,62202.666666666664
1684295920.1073883,1335.4666666666667,4150.4,62037.333333333336
1684295920.1574101,1389.8666666666666,4171.733333333334,62024.53333333333
1684295920.2073383,1445.3333333333333,4219.733333333334,62019.2
1684295920.2575,1445.3333333333333,4187.733333333334,62007.46666666667
1684295920.3073692,1445.3333333333333,4098.133333333333,61988.26666666667
1684295920.3576055,1448.5333333333333,4170.666666666667,62036.26666666667
1684295920.4073555,1449.6,4082.133333333333,62101.333333333336
1684295920.4575212,1449.6,4126.933333333333,62066.13333333333
1684295920.5073736,1447.4666666666667,4060.8,62035.2
1684295920.5573826,1444.2666666666667,4060.8,62051.2
1684295920.607342,1445.3333333333333,4060.8,62092.8
1684295920.6574771,1445.3333333333333,4074.6666666666665,62103.46666666667
1684295920.7073743,1445.3333333333333,4067.2,62088.53333333333
1684295920.757362,1447.4666666666667,4058.6666666666665,62038.4
1684295920.8073742,1394.1333333333334,4093.866666666667,62155.73333333333
1684295920.8574727,1394.1333333333334,4080.0,62216.53333333333
1684295920.9074128,1393.0666666666666,4106.666666666667,62208.0
1684295920.9573429,1390.9333333333334,4086.4,62165.333333333336
1684295921.0074213,1389.8666666666666,4092.8,62188.8
1684295921.057464,1441.0666666666666,4087.4666666666667,62130.13333333333
1684295921.107408,1387.7333333333333,4067.2,62164.26666666667
1684295921.1573792,1388.8,4055.4666666666667,62189.86666666667
1684295921.2073805,1386.6666666666667,4035.2,62193.066666666666
1684295921.2574565,1333.3333333333333,3980.8,62314.666666666664
1684295921.3074012,1334.4,3927.4666666666667,62350.933333333334
1684295921.3575509,1334.4,3995.733333333333,62170.666666666664
1684295921.4074001,1334.4,3890.133333333333,62126.933333333334
1684295921.4574962,1335.4666666666667,3943.4666666666667,61952.0
1684295921.5073872,1277.8666666666666,3964.8,62245.333333333336
1684295921.5573535,1333.3333333333333,3997.866666666667,62259.2
1684295921.6073315,1334.4,4041.6,62119.46666666667
1684295921.6574771,1329.0666666666666,4006.4,62094.933333333334
1684295921.7074573,1330.1333333333334,4043.733333333333,62109.86666666667
1684295921.7573912,1382.4,4034.133333333333,62016.0
1684295921.8073344,1383.4666666666667,4046.9333333333334,61993.6
1684295921.85749,1382.4,4033.0666666666666,61975.46666666667
1684295921.9073658,1383.4666666666667,4130.133333333333,61998.933333333334
1684295921.9573405,1384.5333333333333,4083.2,62025.6
1684295922.0073316,1386.6666666666667,4068.266666666667,62018.13333333333
1684295922.0574818,1386.6666666666667,4035.2,61993.6
1684295922.10736,1386.6666666666667,4021.3333333333335,62037.333333333336
1684295922.1576505,1386.6666666666667,4094.9333333333334,62045.86666666667
1684295922.2073667,1383.4666666666667,4069.3333333333335,62057.6
1684295922.257503,1330.1333333333334,4061.866666666667,62059.73333333333
1684295922.307358,1331.2,4022.4,62008.53333333333
1684295922.3575873,1331.2,4085.3333333333335,62036.26666666667
1684295922.40737,1331.2,4104.533333333334,62108.8
1684295922.4574666,1332.2666666666667,4021.3333333333335,62126.933333333334
1684295922.5073726,1334.4,4012.8,62104.53333333333
1684295922.5573423,1335.4666666666667,3985.0666666666666,62137.6
1684295922.607353,1498.6666666666667,4081.0666666666666,62153.6
1684295922.6574636,1444.2666666666667,4072.5333333333333,62226.13333333333
1684295922.7073705,1444.2666666666667,4099.2,62265.6
1684295922.757335,1388.8,4032.0,62422.4
1684295922.8073587,1389.8666666666666,4072.5333333333333,62376.53333333333
1684295922.8574424,1390.9333333333334,4077.866666666667,62444.8
1684295922.907395,1389.8666666666666,4012.8,62377.6
1684295922.9575539,1389.8666666666666,4013.866666666667,62356.26666666667
1684295923.007423,1333.3333333333333,3994.6666666666665,62478.933333333334
1684295923.05749,1382.4,4113.066666666667,62305.066666666666
1684295923.1073647,1383.4666666666667,4165.333333333333,62443.73333333333
1684295923.1573722,1433.6,4208.0,62184.53333333333
1684295923.2073674,1377.0666666666666,4146.133333333333,62041.6
1684295923.2574558,1379.2,4146.133333333333,62044.8
1684295923.3074286,1434.6666666666667,4151.466666666666,61989.333333333336
1684295923.3575914,1432.5333333333333,4055.4666666666667,61957.333333333336
1684295923.4073865,1431.4666666666667,4061.866666666667,61932.8
1684295923.4574776,1432.5333333333333,4022.4,61950.933333333334
1684295923.5074027,1432.5333333333333,4043.733333333333,61966.933333333334
1684295923.5573363,1433.6,4035.2,61948.8
1684295923.6073728,1433.6,4068.266666666667,61869.86666666667
1684295923.6575272,1433.6,4081.0666666666666,61879.46666666667
1684295923.7073705,1433.6,4139.733333333334,61936.0
1684295923.7576785,1484.8,4154.666666666667,61946.666666666664
1684295923.8076985,1484.8,4140.8,61946.666666666664
1684295923.8575468,1485.8666666666666,4199.466666666666,61931.73333333333
1684295923.907381,1485.8666666666666,4180.266666666666,61941.333333333336
1684295923.9574442,1485.8666666666666,4213.333333333333,62001.066666666666
1684295924.007346,1540.2666666666667,4266.666666666667,61810.13333333333
1684295924.0576642,1490.1333333333334,4306.133333333333,61693.86666666667
1684295924.1073954,1489.0666666666666,4325.333333333333,61722.666666666664
1684295924.1574218,1488.0,4311.466666666666,61674.666666666664
1684295924.2073488,1489.0666666666666,4312.533333333334,61656.53333333333
1684295924.2576663,1489.0666666666666,4280.533333333334,61444.26666666667
1684295924.3073895,1489.0666666666666,4343.466666666666,61442.13333333333
1684295924.3575907,1433.6,4328.533333333334,61645.86666666667
1684295924.40736,1434.6666666666667,4341.333333333333,61685.333333333336
1684295924.4575164,1378.1333333333334,4408.533333333334,61812.26666666667
1684295924.507375,1378.1333333333334,4387.2,61768.53333333333
1684295924.557364,1324.8,4354.133333333333,61917.86666666667
1684295924.6074605,1267.2,4380.8,61984.0
1684295924.657564,1322.6666666666667,4445.866666666667,61964.8
1684295924.70743,1377.0666666666666,4439.466666666666,61795.2
1684295924.7575893,1324.8,4468.266666666666,61929.6
1684295924.8073938,1379.2,4478.933333333333,61783.46666666667
1684295924.8574715,1382.4,4546.133333333333,61801.6
1684295924.907402,1383.4666666666667,4458.666666666667,61776.0
1684295924.9573677,1383.4666666666667,4430.933333333333,61756.8
1684295925.007345,1382.4,4525.866666666667,61751.46666666667
1684295925.057468,1383.4666666666667,4513.066666666667,61792.0
1684295925.1073654,1383.4666666666667,4512.0,61783.46666666667
1684295925.157356,1383.4666666666667,4414.933333333333,61738.666666666664
1684295925.207386,1383.4666666666667,4420.266666666666,61770.666666666664
1684295925.2574637,1384.5333333333333,4418.133333333333,61829.333333333336
1684295925.3074136,1383.4666666666667,4429.866666666667,61853.86666666667
1684295925.3576167,1383.4666666666667,4359.466666666666,61808.0
1684295925.407398,1386.6666666666667,4365.866666666667,61764.26666666667
1684295925.4575021,1385.6,4409.6,61774.933333333334
1684295925.5074072,1384.5333333333333,4409.6,61798.4
1684295925.5573397,1384.5333333333333,4504.533333333334,61666.13333333333
1684295925.607372,1221.3333333333333,4422.4,61606.4
1684295925.657727,1221.3333333333333,4442.666666666667,61639.46666666667
1684295925.707411,1273.6,4498.133333333333,61444.26666666667
1684295925.7573435,1273.6,4571.733333333334,61457.066666666666
1684295925.8076036,1272.5333333333333,4545.066666666667,61501.86666666667
1684295925.85763,1274.6666666666667,4520.533333333334,61460.26666666667
1684295925.9074128,1274.6666666666667,4580.266666666666,61481.6
1684295925.9573483,1276.8,4534.4,61524.26666666667
1684295926.007328,1277.8666666666666,4499.2,61457.066666666666
1684295926.0574622,1221.3333333333333,4365.866666666667,61584.0
1684295926.1073768,1222.4,4313.6,61610.666666666664
1684295926.1573596,1116.8,4256.0,61891.2
1684295926.207346,1117.8666666666666,4336.0,62077.86666666667
1684295926.2574675,1170.1333333333334,4329.6,62083.2
1684295926.3073773,1114.6666666666667,4311.466666666666,61969.066666666666
1684295926.3575537,1115.7333333333333,4355.2,61997.86666666667
1684295926.4073503,1225.6,4402.133333333333,61809.066666666666
1684295926.457474,1225.6,4422.4,61812.26666666667
1684295926.5073574,1226.6666666666667,4401.066666666667,61797.333333333336
1684295926.557364,1226.6666666666667,4442.666666666667,61815.46666666667
1684295926.6073332,1228.8,4430.933333333333,61878.4
1684295926.6576123,1228.8,4410.666666666667,61878.4
1684295926.7073703,1228.8,4366.933333333333,61797.333333333336
1684295926.7573729,1175.4666666666667,4353.066666666667,61840.0
1684295926.8073363,1179.7333333333333,4419.2,61873.066666666666
1684295926.8574889,1178.6666666666667,4361.6,61899.73333333333
1684295926.9073548,1178.6666666666667,4381.866666666667,61901.86666666667
1684295926.9573524,1233.0666666666666,4407.466666666666,61684.26666666667
1684295927.0073326,1179.7333333333333,4354.133333333333,61859.2
1684295927.057659,1178.6666666666667,4294.4,61985.066666666666
1684295927.1073887,1233.0666666666666,4249.6,61783.46666666667
1684295927.157362,1233.0666666666666,4242.133333333333,61757.86666666667
1684295927.2073798,1233.0666666666666,4242.133333333333,61789.86666666667
1684295927.257476,1287.4666666666667,4236.8,61768.53333333333
1684295927.3074062,1286.4,4162.133333333333,61756.8
1684295927.3575506,1286.4,4147.2,61717.333333333336
1684295927.4073982,1285.3333333333333,4126.933333333333,61729.066666666666
1684295927.45747,1286.4,4044.8,61757.86666666667
1684295927.5073652,1287.4666666666667,4012.8,61797.333333333336
1684295927.55734,1286.4,3993.6,61787.73333333333
1684295927.607333,1287.4666666666667,3921.0666666666666,61879.46666666667
1684295927.658022,1286.4,3884.8,61897.6
1684295927.7080677,1232.0,3942.4,62054.4
1684295927.7555184,1237.3333333333333,3961.6,62030.933333333334
1684295927.8053226,1179.7333333333333,4022.4,62237.86666666667
1684295927.855385,1177.6,3931.733333333333,62198.4
1684295927.905466,1352.5333333333333,3988.266666666667,62184.53333333333
1684295927.9554522,1351.4666666666667,4057.6,62217.6
1684295928.0053332,1355.7333333333333,4004.266666666667,62208.0
1684295928.0554893,1355.7333333333333,4017.0666666666666,62157.86666666667
1684295928.1053274,1356.8,4085.3333333333335,62166.4
1684295928.1553004,1411.2,4188.8,62202.666666666664
1684295928.2055078,1411.2,4174.933333333333,62135.46666666667
1684295928.2554035,1410.1333333333334,4209.066666666667,62112.0
1684295928.305308,1411.2,4195.2,62099.2
1684295928.35551,1411.2,4248.533333333334,62094.933333333334
1684295928.405331,1406.9333333333334,4235.733333333334,62008.53333333333
1684295928.4574783,1406.9333333333334,4216.533333333334,61976.53333333333
1684295928.5074134,1461.3333333333333,4284.8,61904.0
1684295928.557372,1461.3333333333333,4204.8,62007.46666666667
1684295928.6073172,1462.4,4224.0,62084.26666666667
1684295928.6574922,1515.7333333333333,4190.933333333333,62018.13333333333
1684295928.7073674,1463.4666666666667,4116.266666666666,62152.53333333333
1684295928.7573352,1464.5333333333333,4019.2,62156.8
1684295928.8073194,1464.5333333333333,4019.2,62104.53333333333
1684295928.8574672,1461.3333333333333,4018.133333333333,62107.73333333333
1684295928.907361,1463.4666666666667,3950.9333333333334,62134.4
1684295928.9574218,1461.3333333333333,3963.733333333333,62158.933333333334
1684295929.0073419,1460.2666666666667,3971.2,62166.4
1684295929.057493,1462.4,4005.3333333333335,62211.2
1684295929.107357,1460.2666666666667,3997.866666666667,62141.86666666667
1684295929.1573615,1459.2,4050.133333333333,62107.73333333333
1684295929.2073503,1511.4666666666667,4001.0666666666666,62085.333333333336
1684295929.2575884,1511.4666666666667,4099.2,61928.53333333333
1684295929.3074117,1510.4,4120.533333333334,62138.666666666664
1684295929.3576057,1562.6666666666667,4101.333333333333,62141.86666666667
1684295929.4073946,1452.8,4082.133333333333,62361.6
1684295929.457502,1507.2,4057.6,62317.86666666667
1684295929.5073915,1561.6,4220.8,62178.13333333333
1684295929.5573292,1616.0,4219.733333333334,61974.4
1684295929.6074445,1613.8666666666666,4204.8,61955.2
1684295929.6574497,1616.0,4264.533333333334,61985.066666666666
1684295929.7073789,1619.2,4264.533333333334,62023.46666666667
1684295929.757598,1619.2,4264.533333333334,61993.6
1684295929.8074377,1617.0666666666666,4184.533333333334,61930.666666666664
1684295929.857476,1617.0666666666666,4203.733333333334,61936.0
1684295929.907391,1670.4,4182.4,61943.46666666667
1684295929.9573445,1617.0666666666666,4145.066666666667,62163.2
1684295930.007331,1617.0666666666666,4137.6,62168.53333333333
1684295930.0574408,1671.4666666666667,4178.133333333333,62051.2
1684295930.1073759,1618.1333333333334,4224.0,62244.26666666667
1684295930.1576269,1618.1333333333334,4237.866666666667,62257.066666666666
1684295930.2074451,1671.4666666666667,4320.0,62114.13333333333
1684295930.2575347,1616.0,4292.266666666666,62274.13333333333
1684295930.3076437,1616.0,4338.133333333333,62283.73333333333
1684295930.3577278,1617.0666666666666,4305.066666666667,62363.73333333333
1684295930.4069967,1618.1333333333334,4371.2,62334.933333333334
1684295930.457194,1622.4,4340.266666666666,62192.0
1684295930.5073843,1621.3333333333333,4321.066666666667,62145.066666666666
1684295930.557368,1620.2666666666667,4345.6,62169.6
1684295930.6076796,1619.2,4398.933333333333,62017.066666666666
1684295930.6575196,1564.8,4397.866666666667,62042.666666666664
1684295930.7075062,1563.7333333333333,4312.533333333334,62001.066666666666
1684295930.757417,1612.8,4275.2,61795.2
1684295930.8073516,1613.8666666666666,4203.733333333334,61735.46666666667
1684295930.8574908,1613.8666666666666,4300.8,61758.933333333334
1684295930.9073684,1436.8,4296.533333333334,61798.4
1684295930.9573302,1437.8666666666666,4240.0,61790.933333333334
1684295931.0073807,1433.6,4270.933333333333,61798.4
1684295931.0574481,1488.0,4310.4,61689.6
1684295931.1073864,1542.4,4266.666666666667,61482.666666666664
1684295931.157328,1490.1333333333334,4187.733333333334,61479.46666666667
1684295931.2073894,1543.4666666666667,4256.0,61480.53333333333
1684295931.25746,1547.7333333333333,4236.8,61491.2
1684295931.3073952,1549.8666666666666,4310.4,61529.6
1684295931.357631,1549.8666666666666,4326.4,61353.6
1684295931.407391,1550.9333333333334,4313.6,61484.8
1684295931.4574842,1553.0666666666666,4352.0,61525.333333333336
1684295931.507411,1498.6666666666667,4269.866666666667,61640.53333333333
1684295931.557336,1498.6666666666667,4269.866666666667,61640.53333333333
1684295931.6073222,1497.6,4306.133333333333,61614.933333333334
1684295931.657447,1444.2666666666667,4327.466666666666,61655.46666666667
1684295931.7073948,1444.2666666666667,4320.0,61734.4
1684295931.7573485,1442.1333333333334,4316.8,61728.0
1684295931.8073494,1443.2,4302.933333333333,61722.666666666664
1684295931.8574588,1443.2,4295.466666666666,61749.333333333336
1684295931.907386,1441.0666666666666,4322.133333333333,61709.86666666667
1684295931.9573374,1441.0666666666666,4301.866666666667,61680.0
1684295932.0073245,1441.0666666666666,4295.466666666666,61674.666666666664
1684295932.0576339,1492.2666666666667,4334.933333333333,61459.2
1684295932.1074126,1492.2666666666667,4375.466666666666,61494.4
1684295932.1573772,1544.5333333333333,4344.533333333334,61437.86666666667
1684295932.2073653,1491.2,4328.533333333334,61446.4
1684295932.257478,1436.8,4237.866666666667,61546.666666666664
1684295932.307367,1492.2666666666667,4293.333333333333,61394.13333333333
1684295932.3575678,1437.8666666666666,4412.8,61177.6
1684295932.4073462,1437.8666666666666,4378.666666666667,61159.46666666667
1684295932.4574707,1444.2666666666667,4455.466666666666,60999.46666666667
1684295932.5073562,1388.8,4269.866666666667,61165.86666666667
1684295932.557335,1334.4,4296.533333333334,61369.6
1684295932.6073236,1333.3333333333333,4342.4,61371.73333333333
1684295932.6574838,1335.4666666666667,4259.2,61361.066666666666
1684295932.7073648,1332.2666666666667,4244.266666666666,61329.066666666666
1684295932.7573566,1387.7333333333333,4254.933333333333,61159.46666666667
1684295932.8073795,1388.8,4290.133333333333,61207.46666666667
1684295932.8574636,1390.9333333333334,4268.8,61207.46666666667
1684295932.907345,1338.6666666666667,4310.4,61186.13333333333
1684295932.9575772,1337.6,4290.133333333333,61192.53333333333
1684295933.0073729,1392.0,4391.466666666666,61061.333333333336
1684295933.0574772,1337.6,4371.2,61203.2
1684295933.1073503,1337.6,4352.0,61195.73333333333
1684295933.157366,1337.6,4346.666666666667,61192.53333333333
1684295933.2073655,1284.2666666666667,4265.6,61332.26666666667
1684295933.2574756,1285.3333333333333,4323.2,61403.73333333333
1684295933.307405,1285.3333333333333,4382.933333333333,61428.26666666667
1684295933.3575656,1284.2666666666667,4384.0,61358.933333333334
1684295933.407358,1283.2,4298.666666666667,61344.0
1684295933.457493,1280.0,4304.0,61537.066666666666
1684295933.5073586,1280.0,4301.866666666667,61582.933333333334
1684295933.5573235,1334.4,4269.866666666667,61469.86666666667
1684295933.6073484,1335.4666666666667,4229.333333333333,61621.333333333336
1684295933.657463,1335.4666666666667,4257.066666666667,61601.066666666666
1684295933.7074275,1388.8,4306.133333333333,61444.26666666667
1684295933.7573943,1334.4,4291.2,61621.333333333336
1684295933.8073466,1334.4,4330.666666666667,61644.8
1684295933.8574612,1335.4666666666667,4257.066666666667,61612.8
1684295933.9073987,1335.4666666666667,4269.866666666667,61555.2
1684295933.9574192,1334.4,4263.466666666666,61533.86666666667
1684295934.0073597,1333.3333333333333,4193.066666666667,61522.13333333333
1684295934.057439,1277.8666666666666,4180.266666666666,61707.73333333333
1684295934.1073778,1222.4,4157.866666666667,61896.53333333333
1684295934.157335,1220.2666666666667,4237.866666666667,61934.933333333334
1684295934.2073836,1223.4666666666667,4211.2,61794.13333333333
1684295934.2576087,1220.2666666666667,4211.2,61757.86666666667
1684295934.3073807,1272.5333333333333,4117.333333333333,61543.46666666667
1684295934.3575408,1272.5333333333333,4061.866666666667,61762.13333333333
1684295934.4073963,1325.8666666666666,4061.866666666667,61707.73333333333
1684295934.4574761,1324.8,4022.4,61627.73333333333
1684295934.5073576,1324.8,4056.5333333333333,61652.26666666667
1684295934.557333,1329.0666666666666,4084.266666666667,61651.2
1684295934.6074297,1330.1333333333334,4049.0666666666666,61660.8
1684295934.6574752,1330.1333333333334,4040.5333333333333,61648.0
1684295934.7073677,1330.1333333333334,4135.466666666666,61620.26666666667
1684295934.7576094,1331.2,4182.4,61611.73333333333
1684295934.8073883,1330.1333333333334,4222.933333333333,61670.4
1684295934.8575048,1384.5333333333333,4298.666666666667,61467.73333333333
1684295934.907366,1385.6,4279.466666666666,61456.0
1684295934.9573672,1386.6666666666667,4325.333333333333,61485.86666666667
1684295935.0073287,1386.6666666666667,4305.066666666667,61491.2
1684295935.057478,1333.3333333333333,4291.2,61684.26666666667
1684295935.1073465,1336.5333333333333,4243.2,61660.8
1684295935.1573455,1286.4,4229.333333333333,61693.86666666667
1684295935.207351,1287.4666666666667,4228.266666666666,61720.53333333333
1684295935.2574193,1286.4,4233.6,61734.4
1684295935.307348,1232.0,4170.666666666667,61835.73333333333
1684295935.3575895,1232.0,4036.266666666667,61991.46666666667
1684295935.4073634,1287.4666666666667,4112.0,61857.066666666666
1684295935.4574776,1225.6,4032.0,62046.933333333334
1684295935.5073636,1226.6666666666667,4075.733333333333,62034.13333333333
1684295935.5573273,1225.6,4008.5333333333333,62014.933333333334
1684295935.6073422,1226.6666666666667,3976.5333333333333,61989.333333333336
1684295935.6574886,1222.4,4074.6666666666665,61899.73333333333
1684295935.7074277,1284.2666666666667,4149.333333333333,61747.2
