Time,Right Hand Signal,Head Signal,Strain Gauge Signal
1684293653.6535854,1693.8666666666666,12818.133333333333,61458.13333333333
1684293653.7036016,1639.4666666666667,12829.866666666667,61545.6
1684293653.7536373,1634.1333333333334,12710.4,61548.8
1684293653.8035717,1634.1333333333334,12738.133333333333,61568.0
1684293653.8537033,1576.5333333333333,12685.866666666667,61581.86666666667
1684293653.9038854,1524.2666666666667,12685.866666666667,61546.666666666664
1684293653.9537456,1520.0,12695.466666666667,61517.86666666667
1684293654.0031917,1521.0666666666666,12624.0,61574.4
1684293654.053239,1469.8666666666666,12640.0,61761.066666666666
1684293654.1035786,1467.7333333333333,12613.333333333334,61689.6
1684293654.1536977,1467.7333333333333,12619.733333333334,61715.2
1684293654.2039237,1475.2,12803.2,61500.8
1684293654.2545075,1481.6,12822.4,61689.6
1684293654.303111,1483.7333333333333,12823.466666666667,61813.333333333336
1684293654.3529544,1483.7333333333333,12776.533333333333,61757.86666666667
1684293654.403193,1483.7333333333333,12715.733333333334,61739.73333333333
1684293654.4532132,1537.0666666666666,12696.533333333333,61749.333333333336
1684293654.503937,1538.1333333333334,12691.2,61645.86666666667
1684293654.5538206,1538.1333333333334,12770.133333333333,61609.6
1684293654.6036465,1649.0666666666666,12744.533333333333,61492.26666666667
1684293654.653575,1498.6666666666667,12636.8,61511.46666666667
1684293654.7035785,1553.0666666666666,12672.0,61560.53333333333
1684293654.7536585,1603.2,12727.466666666667,61553.066666666666
1684293654.8035653,1598.9333333333334,12701.866666666667,61545.6
1684293654.8535523,1605.3333333333333,12690.133333333333,61753.6
1684293654.903979,1602.1333333333334,12622.933333333332,61771.73333333333
1684293654.953702,1546.6666666666667,12588.8,61741.86666666667
1684293655.0036106,1550.9333333333334,12581.333333333334,61720.53333333333
1684293655.053631,1550.9333333333334,12556.8,61699.2
1684293655.1036077,1550.9333333333334,12457.6,61739.73333333333
1684293655.153653,1603.2,12449.066666666668,61752.53333333333
1684293655.2036088,1603.2,12455.466666666667,61722.666666666664
1684293655.25357,1603.2,12481.066666666668,61737.6
1684293655.3035824,1603.2,12535.466666666667,61689.6
1684293655.3536317,1549.8666666666666,12635.733333333334,61709.86666666667
1684293655.4035902,1495.4666666666667,12597.333333333334,61706.666666666664
1684293655.4536,1495.4666666666667,12637.866666666667,61687.46666666667
1684293655.5035598,1495.4666666666667,12612.266666666666,61689.6
1684293655.5536566,1495.4666666666667,12540.8,61701.333333333336
1684293655.6036053,1495.4666666666667,12654.933333333332,61720.53333333333
1684293655.6535897,1495.4666666666667,12549.333333333334,61669.333333333336
1684293655.703564,1499.7333333333333,12474.666666666666,61641.6
1684293655.7536373,1499.7333333333333,12449.066666666668,61574.4
1684293655.803562,1499.7333333333333,12355.2,61594.666666666664
1684293655.8535764,1550.9333333333334,12432.0,61577.6
1684293655.9038794,1498.6666666666667,12406.4,61297.066666666666
1684293655.9537141,1497.6,12462.933333333332,61137.066666666666
1684293656.0035763,1550.9333333333334,12577.066666666668,61005.86666666667
1684293656.053594,1497.6,12590.933333333332,61187.2
1684293656.1035492,1497.6,12508.8,61180.8
1684293656.1536427,1553.0666666666666,12569.6,61022.933333333334
1684293656.2035563,1608.5333333333333,12595.2,60814.933333333334
1684293656.253589,1616.0,12615.466666666667,60857.6
1684293656.3035817,1565.8666666666666,12577.066666666668,60813.86666666667
1684293656.3536155,1562.6666666666667,12503.466666666667,60811.73333333333
1684293656.403555,1510.4,12445.866666666667,60857.6
1684293656.453598,1510.4,12439.466666666667,60864.0
1684293656.5035806,1509.3333333333333,12544.0,60898.13333333333
1684293656.553616,1511.4666666666667,12564.266666666666,60872.53333333333
1684293656.603594,1508.2666666666667,12552.533333333333,60848.0
1684293656.653546,1507.2,12564.266666666666,60898.13333333333
1684293656.7035658,1561.6,12571.733333333334,60797.86666666667
1684293656.7536175,1558.4,12698.666666666666,60750.933333333334
1684293656.80355,1558.4,12664.533333333333,60794.666666666664
1684293656.8535697,1703.4666666666667,12691.2,60809.6
1684293656.9038458,1702.4,12661.333333333334,60777.6
1684293656.9537,1702.4,12553.6,60801.066666666666
1684293657.0035422,1701.3333333333333,12625.066666666668,60785.066666666666
1684293657.0535717,1701.3333333333333,12604.8,60789.333333333336
1684293657.1039362,1700.2666666666667,12684.8,60700.8
1684293657.1537445,1700.2666666666667,12745.6,60608.0
1684293657.2031903,1638.4,12633.6,60800.0
1684293657.2531724,1635.2,12622.933333333332,60784.0
1684293657.3039086,1744.0,12571.733333333334,60790.4
1684293657.3538475,1799.4666666666667,12625.066666666668,60826.666666666664
1684293657.4032047,1799.4666666666667,12688.0,60826.666666666664
1684293657.4533072,1746.1333333333334,12581.333333333334,60834.13333333333
1684293657.5035884,1689.6,12635.733333333334,60825.6
1684293657.5537016,1800.5333333333333,12611.2,60848.0
1684293657.6035824,1745.0666666666666,12574.933333333332,60877.86666666667
1684293657.653559,1688.5333333333333,12632.533333333333,61068.8
1684293657.703857,1685.3333333333333,12648.533333333333,61149.86666666667
1684293657.7537315,1635.2,12574.933333333332,61362.13333333333
1684293657.8036287,1635.2,12580.266666666666,61386.666666666664
1684293657.8535829,1627.7333333333333,12572.8,61321.6
1684293657.903879,1625.6,12646.4,61303.46666666667
1684293657.9536548,1627.7333333333333,12651.733333333334,61333.333333333336
1684293658.0035794,1624.5333333333333,12600.533333333333,61388.8
1684293658.0535934,1624.5333333333333,12580.266666666666,61364.26666666667
1684293658.1036234,1677.8666666666666,12528.0,61285.333333333336
1684293658.1536503,1624.5333333333333,12542.933333333332,61272.53333333333
1684293658.203587,1624.5333333333333,12537.6,61337.6
1684293658.2535467,1623.4666666666667,12510.933333333332,61318.4
1684293658.3035705,1622.4,12451.2,61351.46666666667
1684293658.3536215,1622.4,12330.666666666666,61381.333333333336
1684293658.403588,1938.1333333333334,12330.666666666666,61382.4
1684293658.4535878,2388.266666666667,12291.2,61426.13333333333
1684293658.5035443,2825.6,12316.8,61430.4
1684293658.553628,3191.4666666666667,12389.333333333334,61433.6
1684293658.6035655,3565.866666666667,12315.733333333334,61400.53333333333
1684293658.6535966,3953.0666666666666,12347.733333333334,61435.73333333333
1684293658.7035537,4337.066666666667,12455.466666666667,61438.933333333334
1684293658.7536237,4718.933333333333,12462.933333333332,61457.066666666666
1684293658.803553,5162.666666666667,12622.933333333332,61287.46666666667
1684293658.8535278,5507.2,12643.2,61290.666666666664
1684293658.9038696,5894.4,12690.133333333333,61568.0
1684293658.9538314,6283.733333333334,12659.2,61773.86666666667
1684293659.0035625,6618.666666666667,12492.8,61943.46666666667
1684293659.0535805,7142.4,12550.4,61824.0
1684293659.1035612,7604.266666666666,12578.133333333333,61671.46666666667
1684293659.1536825,7980.8,12391.466666666667,61874.13333333333
1684293659.2037895,8364.8,12318.933333333332,62030.933333333334
1684293659.2535577,8853.333333333334,12227.2,61971.2
1684293659.3035784,9283.2,12297.6,62035.2
1684293659.3536632,9709.866666666667,12290.133333333333,62043.73333333333
1684293659.4035764,10128.0,12243.2,61985.066666666666
1684293659.4535823,10521.6,12256.0,62013.86666666667
1684293659.5038288,10909.866666666667,12211.2,61996.8
1684293659.5537143,11286.4,12194.133333333333,61998.933333333334
1684293659.6036255,11659.733333333334,12213.333333333334,61977.6
1684293659.653563,12029.866666666667,12176.0,61945.6
1684293659.7035625,12349.866666666667,12174.933333333332,62068.26666666667
1684293659.7536373,12729.6,12205.866666666667,62133.333333333336
1684293659.8035572,13121.066666666668,12180.266666666666,62118.4
1684293659.853536,13368.533333333333,12225.066666666668,62077.86666666667
1684293659.9037359,13742.933333333332,12156.8,62039.46666666667
1684293659.9537237,14117.333333333334,12342.4,61996.8
1684293660.00358,14486.4,12322.133333333333,61939.2
1684293660.0535495,14852.266666666666,12215.466666666667,61856.0
1684293660.1038582,15216.0,12135.466666666667,61874.13333333333
1684293660.1539245,15579.733333333334,12035.2,61706.666666666664
1684293660.203752,15997.866666666667,12128.0,61634.13333333333
1684293660.2531838,16307.2,12087.466666666667,61581.86666666667
1684293660.3031492,16552.533333333333,12038.4,61447.46666666667
1684293660.3537238,16856.533333333333,11985.066666666668,61362.13333333333
1684293660.4038298,17270.4,11959.466666666667,61093.333333333336
1684293660.4536068,17626.666666666668,12045.866666666667,61065.6
1684293660.5035665,17984.0,11963.733333333334,61128.53333333333
1684293660.553718,18230.4,11988.266666666666,60867.2
1684293660.603566,18524.8,12034.133333333333,60990.933333333334
1684293660.6535861,18978.133333333335,12121.6,60708.26666666667
1684293660.7035468,19338.666666666668,12110.933333333332,60424.53333333333
1684293660.7536745,19690.666666666668,12121.6,60318.933333333334
1684293660.8035653,20096.0,12039.466666666667,60154.666666666664
1684293660.8535707,20506.666666666668,12066.133333333333,60121.6
1684293660.903757,20866.133333333335,12053.333333333334,60089.6
1684293660.9538739,21219.2,11990.4,59751.46666666667
1684293661.0035827,21576.533333333333,12055.466666666667,59715.2
1684293661.053631,21931.733333333334,11943.466666666667,59624.53333333333
1684293661.1035542,22232.533333333333,12009.6,59562.666666666664
1684293661.153751,22588.8,11962.666666666666,59450.666666666664
1684293661.2035985,22946.133333333335,11937.066666666668,59276.8
1684293661.253545,23302.4,11897.6,59128.53333333333
1684293661.303599,23652.266666666666,11836.8,59032.53333333333
1684293661.3536718,24007.466666666667,11918.933333333332,58850.13333333333
1684293661.4035661,24046.933333333334,11748.266666666666,58606.933333333334
1684293661.45359,23947.733333333334,11608.533333333333,58420.26666666667
1684293661.5035849,23859.2,11409.066666666668,58196.26666666667
1684293661.5536516,23843.2,11270.4,57962.666666666664
1684293661.6035752,23878.4,11158.4,57552.0
1684293661.6535382,23842.133333333335,10967.466666666667,57303.46666666667
1684293661.7035465,23803.733333333334,10839.466666666667,57123.2
1684293661.7536712,23771.733333333334,10673.066666666668,56883.2
1684293661.8036447,23677.866666666665,10455.466666666667,56826.666666666664
1684293661.853542,23632.0,10222.933333333332,56630.4
1684293661.9035444,23591.466666666667,10260.266666666666,56416.0
1684293661.953826,23604.266666666666,10039.466666666667,56110.933333333334
1684293662.0036104,23562.666666666668,9932.8,55939.2
1684293662.0538821,23427.2,9688.533333333333,55856.0
1684293662.1036654,23309.866666666665,9482.666666666666,55696.0
1684293662.1537259,23276.8,9491.2,55468.8
1684293662.203581,23180.8,9872.0,55154.13333333333
1684293662.2535756,23084.8,10356.266666666666,54798.933333333334
1684293662.3035624,23051.733333333334,10709.333333333334,54526.933333333334
1684293662.3536847,22979.2,11160.533333333333,54289.066666666666
1684293662.4035707,22961.066666666666,11724.8,54136.53333333333
1684293662.4536211,22915.2,12461.866666666667,53789.86666666667
1684293662.5035465,22874.666666666668,13329.066666666668,53544.53333333333
1684293662.5537083,22845.866666666665,14138.666666666666,53419.73333333333
1684293662.603566,22821.333333333332,14967.466666666667,53283.2
1684293662.6535661,22801.066666666666,15789.866666666667,53112.53333333333
1684293662.7038374,22776.533333333333,16427.733333333334,52925.86666666667
1684293662.7541275,22750.933333333334,16936.533333333333,52673.066666666666
1684293662.8033967,22708.266666666666,17444.266666666666,52494.933333333334
1684293662.8531742,22659.2,17954.133333333335,52289.066666666666
1684293662.9023209,22627.2,18448.0,52135.46666666667
1684293662.9524744,22595.2,18798.933333333334,51941.333333333336
1684293663.0036108,22624.0,19268.266666666666,51717.333333333336
1684293663.0536041,22601.6,19804.8,51577.6
1684293663.10357,22582.4,20195.2,51440.0
1684293663.1537302,22562.133333333335,20277.333333333332,51474.13333333333
1684293663.203639,22488.533333333333,20080.0,51318.4
1684293663.2535806,22469.333333333332,19897.6,51188.26666666667
1684293663.303585,22459.733333333334,20072.533333333333,51145.6
1684293663.3537078,22445.866666666665,19854.933333333334,50982.4
1684293663.403577,22377.6,19725.866666666665,51065.6
1684293663.4535859,22370.133333333335,19553.066666666666,50870.4
1684293663.50359,22359.466666666667,19408.0,50679.46666666667
1684293663.5536728,22348.8,19282.133333333335,50811.73333333333
1684293663.603601,22342.4,19095.466666666667,50674.13333333333
1684293663.6535485,22233.6,18850.133333333335,50739.2
1684293663.703562,22219.733333333334,18705.066666666666,50618.666666666664
1684293663.7536674,22268.8,18597.333333333332,50306.13333333333
1684293663.8035846,22264.533333333333,18528.0,50054.4
1684293663.8535473,22198.4,18456.533333333333,49939.2
1684293663.9036384,22238.933333333334,18291.2,49756.8
1684293663.9538205,22226.133333333335,18163.2,49875.2
1684293664.0036142,22215.466666666667,18059.733333333334,49708.8
1684293664.053599,22202.666666666668,18020.266666666666,49556.26666666667
1684293664.103608,22201.6,17840.0,49463.46666666667
1684293664.1536756,22201.6,17738.666666666668,49416.53333333333
1684293664.2038496,22194.133333333335,17612.8,49337.6
1684293664.253583,22189.866666666665,17466.666666666668,49357.86666666667
1684293664.30358,22192.0,17383.466666666667,49245.86666666667
1684293664.3536875,22185.6,17242.666666666668,49203.2
1684293664.4035945,22233.6,17243.733333333334,49043.2
1684293664.4535856,22232.533333333333,17230.933333333334,49024.0
1684293664.5038488,22233.6,17265.066666666666,49012.26666666667
1684293664.5537643,22235.733333333334,17251.2,49042.13333333333
1684293664.6035912,22176.0,17242.666666666668,49242.666666666664
1684293664.6536245,22174.933333333334,17294.933333333334,49302.4
1684293664.7035766,22173.866666666665,17316.266666666666,49319.46666666667
1684293664.7537234,22174.933333333334,17336.533333333333,49315.2
1684293664.8035724,22176.0,17308.8,49366.4
1684293664.853585,22177.066666666666,17336.533333333333,49396.26666666667
1684293664.9038248,22181.333333333332,17085.866666666665,49419.73333333333
1684293664.9538884,22130.133333333335,17082.666666666668,49462.4
1684293665.0031846,22133.333333333332,17069.866666666665,49428.26666666667
1684293665.0531545,22093.866666666665,17076.266666666666,49239.46666666667
1684293665.10358,22154.666666666668,17081.6,49303.46666666667
1684293665.153684,22107.733333333334,17026.133333333335,49336.53333333333
1684293665.2035668,22114.133333333335,16493.866666666665,49440.0
1684293665.2535775,22120.533333333333,15990.4,49419.73333333333
1684293665.3035436,22065.066666666666,15460.266666666666,49431.46666666667
1684293665.3536906,22117.333333333332,14949.333333333334,49244.8
1684293665.4035697,22058.666666666668,14320.0,49245.86666666667
1684293665.4539015,22058.666666666668,13417.6,49341.86666666667
1684293665.5036132,22108.8,12427.733333333334,49328.0
1684293665.553748,22101.333333333332,11505.066666666668,49058.13333333333
1684293665.6035964,22096.0,10500.266666666666,48961.066666666666
1684293665.65354,22092.8,9505.066666666668,48924.8
1684293665.7035575,22088.533333333333,8677.333333333334,48887.46666666667
1684293665.7536519,22076.8,7964.8,48921.6
1684293665.803574,22078.933333333334,7310.933333333333,48909.86666666667
1684293665.8535364,22081.066666666666,6595.2,48948.26666666667
1684293665.903557,22081.066666666666,6453.333333333333,48958.933333333334
1684293665.9538085,22082.133333333335,6448.0,48993.066666666666
1684293666.0036106,22034.133333333335,6445.866666666667,49051.73333333333
1684293666.0535445,22039.466666666667,6663.466666666666,49062.4
1684293666.1035507,22045.866666666665,7030.4,49161.6
1684293666.1536589,22058.666666666668,7773.866666666667,49147.73333333333
1684293666.2035651,22065.066666666666,8776.533333333333,49229.86666666667
1684293666.2535534,22078.933333333334,9801.6,49222.4
1684293666.3035555,22083.2,10506.666666666666,49196.8
1684293666.3536339,22086.4,11513.6,49214.933333333334
1684293666.4036129,22100.266666666666,12372.266666666666,49190.4
1684293666.4535766,22101.333333333332,13150.933333333332,49223.46666666667
1684293666.5035543,22172.8,13970.133333333333,49042.13333333333
1684293666.553866,22177.066666666666,14777.6,48912.0
1684293666.6039958,22183.466666666667,15389.866666666667,48697.6
1684293666.653243,22188.8,16024.533333333333,48701.86666666667
1684293666.7031777,22140.8,16555.733333333334,48898.13333333333
1684293666.7537205,22084.266666666666,17053.866666666665,49058.13333333333
1684293666.8035793,22029.866666666665,17581.866666666665,49219.2
1684293666.8538272,22082.133333333335,17468.8,49213.86666666667
1684293666.9035628,22029.866666666665,17534.933333333334,49260.8
1684293666.9538183,22086.4,17530.666666666668,49180.8
1684293667.0035944,22140.8,17491.2,49004.8
1684293667.053916,22140.8,17477.333333333332,49041.066666666666
1684293667.103216,22188.8,17472.0,49024.0
1684293667.1533024,22230.4,17494.4,48995.2
1684293667.203598,22278.4,17480.533333333333,49012.26666666667
1684293667.253581,22272.0,17502.933333333334,48976.0
1684293667.303563,22263.466666666667,17488.0,49015.46666666667
1684293667.3536997,22310.4,17495.466666666667,49016.53333333333
1684293667.403562,22250.666666666668,17481.6,49172.26666666667
1684293667.4537594,22244.266666666666,17466.666666666668,49162.666666666664
1684293667.5035589,22236.8,17453.866666666665,49204.26666666667
1684293667.5537043,22228.266666666666,17441.066666666666,49204.26666666667
1684293667.6035638,22221.866666666665,17500.8,49208.53333333333
1684293667.6535592,22217.6,17454.933333333334,49201.066666666666
1684293667.7038586,22212.266666666666,17386.666666666668,49169.066666666666
1684293667.7537796,22204.8,17360.0,49187.2
1684293667.8035774,22199.466666666667,17380.266666666666,49154.13333333333
1684293667.8535247,22193.066666666666,17366.4,49133.86666666667
1684293667.9035196,22240.0,17351.466666666667,48926.933333333334
1684293667.9538121,22235.733333333334,17443.2,48839.46666666667
1684293668.0035882,22229.333333333332,17442.133333333335,48786.13333333333
1684293668.053541,22285.866666666665,17511.466666666667,48827.73333333333
1684293668.1035266,22231.466666666667,17494.4,48860.8
1684293668.1536467,22232.533333333333,17488.0,48830.933333333334
1684293668.203555,22234.666666666668,17473.066666666666,48841.6
1684293668.2535322,22181.333333333332,17411.2,49030.4
1684293668.303548,22190.933333333334,17397.333333333332,49079.46666666667
1684293668.3536282,22136.533333333333,17416.533333333333,49320.53333333333
1684293668.4035666,22151.466666666667,17382.4,49355.73333333333
1684293668.4536037,22152.533333333333,17428.266666666666,49259.73333333333
1684293668.5035446,22107.733333333334,17472.0,49259.73333333333
1684293668.5536346,22170.666666666668,17457.066666666666,49286.4
1684293668.6036165,22233.6,17511.466666666667,49284.26666666667
1684293668.6535249,22297.6,17611.733333333334,49137.066666666666
1684293668.703561,22356.266666666666,17638.4,49143.46666666667
1684293668.7536445,22418.133333333335,17639.466666666667,49177.6
1684293668.8035846,22416.0,17640.533333333333,49143.46666666667
1684293668.8535068,22420.266666666666,17660.8,49225.6
1684293668.903626,22427.733333333334,17190.4,49229.86666666667
1684293668.953823,22443.733333333334,16605.866666666665,49226.666666666664
1684293669.0035448,22449.066666666666,15973.333333333334,49237.333333333336
1684293669.053529,22464.0,15141.333333333334,49304.53333333333
1684293669.1035142,22469.333333333332,14232.533333333333,49278.933333333334
1684293669.1539617,22469.333333333332,13294.933333333332,49261.86666666667
1684293669.2038045,22528.0,12307.2,49051.73333333333
1684293669.2535806,22526.933333333334,11298.133333333333,49057.066666666666
1684293669.30358,22533.333333333332,10337.066666666668,49152.0
1684293669.353884,22542.933333333334,9495.466666666667,49285.333333333336
1684293669.4035485,22534.4,8775.466666666667,49492.26666666667
1684293669.4536548,22537.6,8169.6,49684.26666666667
1684293669.5038226,22475.733333333334,7577.6,50102.4
1684293669.5541043,22474.666666666668,6918.4,50403.2
1684293669.603555,22487.466666666667,6457.6,50770.13333333333
1684293669.6535559,22564.266666666666,6021.333333333333,50967.46666666667
1684293669.7035384,22552.533333333333,5542.4,51170.13333333333
1684293669.7538662,22208.0,5180.8,51379.2
1684293669.8035564,21861.333333333332,4790.4,51619.2
1684293669.8535464,21464.533333333333,4994.133333333333,51788.8
1684293669.9035177,21117.866666666665,5095.466666666666,51930.666666666664
1684293669.95419,20773.333333333332,5190.4,52029.86666666667
1684293670.0035877,20373.333333333332,5404.8,52408.53333333333
1684293670.0535727,20029.866666666665,5497.6,52585.6
1684293670.1035478,19628.8,5763.2,52760.53333333333
1684293670.1537097,19341.866666666665,5982.933333333333,52812.8
1684293670.2036483,18948.266666666666,6089.6,53021.86666666667
1684293670.2535129,18659.2,6274.133333333333,53221.333333333336
1684293670.3035395,18316.8,6395.733333333334,53380.26666666667
1684293670.3535044,17998.933333333334,6580.266666666666,53570.13333333333
1684293670.403657,17656.533333333333,6737.066666666667,53827.2
1684293670.4536192,17314.133333333335,6946.133333333333,54085.333333333336
1684293670.5035455,16971.733333333334,7102.933333333333,54278.4
1684293670.5535321,16628.266666666666,7328.0,54500.26666666667
1684293670.6036763,16284.8,7502.933333333333,54743.46666666667
1684293670.653517,15940.266666666666,7667.2,54981.333333333336
1684293670.7035098,15650.133333333333,7873.066666666667,55120.0
1684293670.7535007,15306.666666666666,8056.533333333334,55355.73333333333
1684293670.803664,14960.0,8221.866666666667,55575.46666666667
1684293670.8535278,14668.8,8402.133333333333,55621.333333333336
1684293670.903597,14270.933333333332,8603.733333333334,55997.86666666667
1684293670.9537735,13925.333333333334,8700.8,56318.933333333334
1684293671.0037072,13580.8,8894.933333333332,56532.26666666667
1684293671.0535426,13175.466666666667,8985.6,56856.53333333333
1684293671.1035113,12825.6,9063.466666666667,57104.0
1684293671.15354,12472.533333333333,9329.066666666668,57325.86666666667
1684293671.2036502,12119.466666666667,9488.0,57522.13333333333
1684293671.253552,11766.4,9674.666666666666,57761.066666666666
1684293671.3035443,11414.4,9827.2,57926.4
1684293671.3535335,11062.4,9815.466666666667,58057.6
1684293671.403641,10704.0,9978.666666666666,58267.73333333333
1684293671.4536414,10354.133333333333,10145.066666666668,58486.4
1684293671.5035267,10001.066666666668,10363.733333333334,58762.666666666664
1684293671.553538,9648.0,10589.866666666667,58964.26666666667
1684293671.6036522,9241.6,10678.4,59182.933333333334
1684293671.6535718,8887.466666666667,10802.133333333333,59409.066666666666
1684293671.7035074,8538.666666666666,11026.133333333333,59414.4
1684293671.7535284,8189.866666666667,11177.6,59543.46666666667
1684293671.803635,7841.066666666667,11355.733333333334,59736.53333333333
1684293671.8535473,7491.2,11849.6,59928.53333333333
1684293671.903523,7141.333333333333,12046.933333333332,60142.933333333334
1684293671.953746,6781.866666666667,12238.933333333332,60366.933333333334
1684293672.0037076,6480.0,12419.2,60398.933333333334
1684293672.0539246,6116.266666666666,12624.0,60510.933333333334
1684293672.1031806,5765.333333333333,12842.666666666666,60475.73333333333
1684293672.1531131,5409.066666666667,13020.8,60529.066666666666
1684293672.2037005,4999.466666666666,13164.8,60887.46666666667
1684293672.2535398,4694.4,13240.533333333333,60979.2
1684293672.30353,4337.066666666667,13395.2,61094.4
1684293672.35351,3978.6666666666665,13400.533333333333,61224.53333333333
1684293672.4036694,3627.733333333333,13448.533333333333,61262.933333333334
1684293672.4536471,3274.6666666666665,13451.733333333334,61240.53333333333
1684293672.503561,2919.4666666666667,13362.133333333333,61232.0
1684293672.5535157,2569.6,13408.0,61249.066666666666
1684293672.6036828,2206.9333333333334,13315.2,61252.26666666667
1684293672.6535485,1780.2666666666667,13296.0,61291.73333333333
1684293672.7038648,1495.4666666666667,13347.2,61264.0
1684293672.7535808,1495.4666666666667,13245.866666666667,61285.333333333336
1684293672.8036625,1496.5333333333333,13297.066666666668,61335.46666666667
1684293672.8535295,1496.5333333333333,13276.8,61398.4
1684293672.903552,1496.5333333333333,13333.333333333334,61465.6
1684293672.9537323,1442.1333333333334,13401.6,61666.13333333333
1684293673.0038836,1442.1333333333334,13422.933333333332,61499.73333333333
1684293673.0538728,1444.2666666666667,13501.866666666667,61532.8
1684293673.1036215,1447.4666666666667,13453.866666666667,61528.53333333333
1684293673.1531627,1337.6,13333.333333333334,61671.46666666667
1684293673.2033043,1335.4666666666667,13401.6,61629.86666666667
1684293673.2532675,1282.1333333333334,13459.2,61664.0
1684293673.3037987,1282.1333333333334,13523.2,61684.26666666667
1684293673.3535836,1204.2666666666667,13501.866666666667,61709.86666666667
1684293673.4037094,1294.9333333333334,13502.933333333332,61522.13333333333
1684293673.453659,1293.8666666666666,13485.866666666667,61496.53333333333
1684293673.5035372,1297.0666666666666,13479.466666666667,61558.4
1684293673.5535119,1297.0666666666666,13452.8,61515.73333333333
1684293673.6036978,1297.0666666666666,13384.533333333333,61456.0
1684293673.6535625,1349.3333333333333,13280.0,61420.8
1684293673.7035534,1296.0,13274.666666666666,61502.933333333334
1684293673.7535334,1296.0,13163.733333333334,61468.8
1684293673.8036554,1350.4,13188.266666666666,61451.73333333333
1684293673.8535578,1297.0666666666666,13174.4,61609.6
1684293673.9036164,1297.0666666666666,13086.933333333332,61632.0
1684293673.9537756,1300.2666666666667,13107.2,61653.333333333336
1684293674.0036833,1301.3333333333333,13034.666666666666,61645.86666666667
1684293674.0535343,1302.4,13060.266666666666,61675.73333333333
1684293674.1035461,1301.3333333333333,13155.2,61629.86666666667
1684293674.1534977,1301.3333333333333,13063.466666666667,61620.26666666667
1684293674.2038217,1357.8666666666666,13090.133333333333,61665.066666666666
1684293674.2535372,1357.8666666666666,13115.733333333334,61613.86666666667
1684293674.3035412,1357.8666666666666,13122.133333333333,61681.066666666666
1684293674.3534985,1410.1333333333334,13190.4,61556.26666666667
1684293674.4036856,1464.5333333333333,13214.933333333332,61497.6
1684293674.4536145,1521.0666666666666,13190.4,61555.2
1684293674.503804,1522.1333333333334,13114.666666666666,61545.6
1684293674.553619,1493.3333333333333,12897.066666666668,61728.0
1684293674.6037204,1494.4,12949.333333333334,61795.2
1684293674.6535444,1441.0666666666666,12957.866666666667,61959.46666666667
1684293674.703686,1385.6,12924.8,62121.6
1684293674.7538414,1329.0666666666666,12931.2,62141.86666666667
1684293674.803694,1329.0666666666666,12899.2,61993.6
1684293674.8535748,1329.0666666666666,12603.733333333334,61980.8
1684293674.903514,1337.6,12597.333333333334,61917.86666666667
1684293674.9537394,1337.6,12650.666666666666,61829.333333333336
1684293675.0036922,1284.2666666666667,12643.2,61985.066666666666
1684293675.0536165,1291.7333333333333,12567.466666666667,62032.0
1684293675.1038618,1287.4666666666667,12587.733333333334,62061.86666666667
1684293675.1535823,1287.4666666666667,12541.866666666667,62219.73333333333
1684293675.2032852,1340.8,12548.266666666666,62254.933333333334
1684293675.2532177,1289.6,12650.666666666666,62395.73333333333
1684293675.3035414,1290.6666666666667,12661.333333333334,62419.2
1684293675.353547,1290.6666666666667,12716.8,62388.26666666667
1684293675.4036534,1290.6666666666667,12724.266666666666,62361.6
1684293675.4536536,1290.6666666666667,12675.2,62406.4
1684293675.5035548,1290.6666666666667,12716.8,62441.6
1684293675.5535445,1290.6666666666667,12629.333333333334,62414.933333333334
1684293675.6036608,1290.6666666666667,12621.866666666667,62418.13333333333
1684293675.653553,1290.6666666666667,12597.333333333334,62371.2
1684293675.7035294,1237.3333333333333,12504.533333333333,62377.6
1684293675.7535691,1290.6666666666667,12603.733333333334,62426.666666666664
1684293675.803645,1289.6,12526.933333333332,62359.46666666667
1684293675.8535283,1289.6,12547.2,62347.73333333333
1684293675.9035482,1342.9333333333334,12601.6,62166.4
1684293675.9537225,1346.1333333333334,12549.333333333334,62136.53333333333
1684293676.0037248,1346.1333333333334,12475.733333333334,62334.933333333334
1684293676.0535674,1345.0666666666666,12535.466666666667,62168.53333333333
1684293676.1035433,1397.3333333333333,12513.066666666668,62138.666666666664
1684293676.153499,1453.8666666666666,12521.6,62135.46666666667
1684293676.2036612,1452.8,12586.666666666666,62170.666666666664
1684293676.2535152,1450.6666666666667,12493.866666666667,62116.26666666667
1684293676.3035355,1454.9333333333334,12499.2,62151.46666666667
1684293676.3535008,1456.0,12494.933333333332,62173.86666666667
1684293676.4036727,1364.2666666666667,12493.866666666667,62363.73333333333
1684293676.453615,1367.4666666666667,12486.4,62350.933333333334
1684293676.503565,1364.2666666666667,12475.733333333334,62339.2
1684293676.5535288,1364.2666666666667,12483.2,62344.53333333333
1684293676.603681,1417.6,12422.4,62389.333333333336
1684293676.653528,1364.2666666666667,12548.266666666666,62398.933333333334
1684293676.7035286,1365.3333333333333,12519.466666666667,62412.8
1684293676.7535055,1523.2,12579.2,62432.0
1684293676.8036692,1469.8666666666666,12551.466666666667,62450.13333333333
1684293676.853532,1469.8666666666666,12451.2,62490.666666666664
1684293676.903507,1469.8666666666666,12544.0,62445.86666666667
1684293676.953767,1466.6666666666667,12519.466666666667,62483.2
1684293677.003694,1466.6666666666667,12597.333333333334,62484.26666666667
1684293677.053862,1574.4,12583.466666666667,62438.4
1684293677.1035883,1574.4,12556.8,62446.933333333334
1684293677.1535523,1577.6,12580.266666666666,62443.73333333333
1684293677.2036839,1522.1333333333334,12619.733333333334,62436.26666666667
1684293677.2535665,1522.1333333333334,12593.066666666668,62482.13333333333
1684293677.3035154,1575.4666666666667,12652.8,62316.8
1684293677.3535182,1524.2666666666667,12584.533333333333,62434.13333333333
1684293677.403656,1524.2666666666667,12555.733333333334,62438.4
1684293677.453682,1579.7333333333333,12534.4,62475.73333333333
1684293677.5035367,1634.1333333333334,12558.933333333332,62275.2
1684293677.5535321,1665.0666666666666,12653.866666666667,62309.333333333336
1684293677.6036592,1664.0,12749.866666666667,62119.46666666667
1684293677.6535532,1664.0,12676.266666666666,62146.13333333333
1684293677.7038116,1664.0,12695.466666666667,62170.666666666664
1684293677.7536945,1665.0666666666666,12676.266666666666,62219.73333333333
1684293677.8032682,1665.0666666666666,12714.666666666666,62387.2
1684293677.8532178,1718.4,12710.4,62396.8
1684293677.9035432,1709.8666666666666,12659.2,62473.6
1684293677.9537373,1710.9333333333334,12572.8,62517.333333333336
1684293678.003681,1714.1333333333334,12478.933333333332,62526.933333333334
1684293678.053525,1706.6666666666667,12560.0,62538.666666666664
1684293678.1035166,1706.6666666666667,12471.466666666667,62757.333333333336
1684293678.153499,1706.6666666666667,12516.266666666666,62776.53333333333
1684293678.2036524,1653.3333333333333,12510.933333333332,62758.4
1684293678.2535124,1653.3333333333333,12411.733333333334,62737.066666666666
1684293678.303537,1652.2666666666667,12405.333333333334,62741.333333333336
1684293678.3535032,1652.2666666666667,12357.333333333334,62758.4
1684293678.4036548,1652.2666666666667,12356.266666666666,62745.6
1684293678.4536054,1652.2666666666667,12395.733333333334,62748.8
1684293678.5035536,1652.2666666666667,12281.6,62720.0
1684293678.5535014,1718.4,12308.266666666666,62681.6
1684293678.6036775,1718.4,12450.133333333333,62736.0
1684293678.6535413,1718.4,12473.6,62771.2
1684293678.7035437,1771.7333333333333,12633.6,62577.066666666666
1684293678.7535086,1718.4,12619.733333333334,62580.26666666667
1684293678.8036394,1773.8666666666666,12707.2,62449.066666666666
1684293678.8535168,1879.4666666666667,12773.333333333334,62346.666666666664
1684293678.903681,1826.1333333333334,12654.933333333332,62474.666666666664
1684293678.9537828,1824.0,12714.666666666666,62504.53333333333
1684293679.0037057,1880.5333333333333,12787.2,62283.73333333333
1684293679.0535724,1881.6,12714.666666666666,62488.53333333333
1684293679.1035128,1827.2,12718.933333333332,62568.53333333333
1684293679.1535053,1770.6666666666667,12678.4,62602.666666666664
1684293679.2038493,1769.6,12631.466666666667,62609.066666666666
1684293679.253536,1773.8666666666666,12625.066666666668,62660.26666666667
1684293679.3038108,1824.0,12500.266666666666,62617.6
1684293679.3538754,1822.9333333333334,12501.333333333334,62579.2
1684293679.4037442,1827.2,12370.133333333333,62584.53333333333
1684293679.4532526,1824.0,12390.4,62620.8
1684293679.5033214,1824.0,12394.666666666666,62632.53333333333
1684293679.5535986,1824.0,12393.6,62595.2
1684293679.6038475,1770.6666666666667,12460.8,62610.13333333333
1684293679.6532152,1772.8,12380.8,62635.73333333333
1684293679.7031264,1771.7333333333333,12414.933333333332,62653.86666666667
1684293679.753528,1614.9333333333334,12454.4,62676.26666666667
1684293679.8036835,1614.9333333333334,12477.866666666667,62646.4
1684293679.8535473,1614.9333333333334,12585.6,62605.86666666667
1684293679.9035091,1614.9333333333334,12546.133333333333,62647.46666666667
1684293679.9537368,1616.0,12551.466666666667,62648.53333333333
1684293680.0036674,1616.0,12564.266666666666,62642.13333333333
1684293680.0535257,1507.2,12547.2,62706.13333333333
1684293680.1035073,1561.6,12647.466666666667,62599.46666666667
1684293680.153537,1558.4,12674.133333333333,62588.8
1684293680.2036436,1702.4,12613.333333333334,62444.8
1684293680.2535532,1702.4,12608.0,62388.26666666667
1684293680.3035154,1649.0666666666666,12489.6,62549.333333333336
1684293680.3535237,1650.1333333333334,12633.6,62609.066666666666
1684293680.4036384,1648.0,12673.066666666668,62506.666666666664
1684293680.4536297,1536.0,12558.933333333332,62481.066666666666
1684293680.503528,1533.8666666666666,12513.066666666668,62660.26666666667
1684293680.5535207,1532.8,12445.866666666667,62610.13333333333
1684293680.603646,1533.8666666666666,12356.266666666666,62792.53333333333
1684293680.6535134,1585.0666666666666,12370.133333333333,62764.8
1684293680.7035403,1585.0666666666666,12344.533333333333,62794.666666666664
1684293680.7534938,1586.1333333333334,12356.266666666666,62794.666666666664
1684293680.8036156,1638.4,12310.4,62785.066666666666
1684293680.8534987,1585.0666666666666,12282.666666666666,62775.46666666667
1684293680.90356,1585.0666666666666,12326.4,62756.26666666667
1684293680.9537141,1584.0,12320.0,62754.13333333333
1684293681.0036964,1580.8,12414.933333333332,62747.73333333333
1684293681.0535235,1581.8666666666666,12433.066666666668,62756.26666666667
1684293681.1035361,1581.8666666666666,12421.333333333334,62736.0
1684293681.1535058,1581.8666666666666,12407.466666666667,62737.066666666666
1684293681.203678,1581.8666666666666,12354.133333333333,62766.933333333334
1684293681.253512,1582.9333333333334,12460.8,62738.13333333333
1684293681.303588,1582.9333333333334,12427.733333333334,62710.4
1684293681.3538222,1582.9333333333334,12327.466666666667,62688.0
1684293681.4038165,1584.0,12286.933333333332,62732.8
1684293681.4532354,1584.0,12186.666666666666,62748.8
1684293681.503126,1585.0666666666666,12306.133333333333,62743.46666666667
1684293681.5532327,1517.8666666666666,12272.0,62760.53333333333
1684293681.6038268,1574.4,12098.133333333333,62740.26666666667
1684293681.6536283,1575.4666666666667,12126.933333333332,62726.4
1684293681.7035277,1522.1333333333334,11993.6,62947.2
1684293681.7535467,1523.2,12059.733333333334,62936.53333333333
1684293681.803679,1523.2,12030.933333333332,62905.6
1684293681.8535678,1474.1333333333334,12009.6,62786.13333333333
1684293681.9035046,1529.6,12073.6,62589.86666666667
1684293681.9537573,1530.6666666666667,12087.466666666667,62390.4
1684293682.0036883,1474.1333333333334,12008.533333333333,62556.8
1684293682.054048,1473.0666666666666,12013.866666666667,62516.26666666667
1684293682.1031945,1475.2,12048.0,62538.666666666664
1684293682.1532118,1480.5333333333333,12144.0,62482.13333333333
1684293682.2036643,1484.8,12135.466666666667,62509.86666666667
1684293682.2535837,1480.5333333333333,12137.6,62505.6
1684293682.3035371,1426.1333333333334,12248.533333333333,62547.2
1684293682.3535414,1427.2,12233.6,62593.066666666666
1684293682.4035919,1422.9333333333334,12373.333333333334,62567.46666666667
1684293682.4536185,1424.0,12366.933333333332,62530.13333333333
1684293682.5035243,1425.0666666666666,12314.666666666666,62530.13333333333
1684293682.553507,1426.1333333333334,12275.2,62546.13333333333
1684293682.6036034,1427.2,12182.4,62537.6
1684293682.653517,1425.0666666666666,12261.333333333334,62452.26666666667
1684293682.7037375,1426.1333333333334,12222.933333333332,62423.46666666667
1684293682.7535517,1428.2666666666667,12117.333333333334,62429.86666666667
1684293682.8036244,1428.2666666666667,12099.2,62426.666666666664
1684293682.8535051,1428.2666666666667,12024.533333333333,62451.2
1684293682.903509,1483.7333333333333,12123.733333333334,62249.6
1684293682.9538407,1539.2,12178.133333333333,62020.26666666667
1684293683.0036452,1539.2,12323.2,62066.13333333333
1684293683.0535486,1540.2666666666667,12390.4,62073.6
1684293683.1035235,1486.9333333333334,12236.8,62160.0
1684293683.1535108,1488.0,12217.6,62211.2
1684293683.2036908,1456.0,12228.266666666666,62176.0
1684293683.2535298,1457.0666666666666,12300.8,62076.8
1684293683.3035486,1513.6,12358.4,61987.2
1684293683.3535142,1512.5333333333333,12254.933333333332,61920.0
1684293683.4035802,1522.1333333333334,12209.066666666668,62049.066666666666
1684293683.4535565,1525.3333333333333,12314.666666666666,62073.6
1684293683.5035458,1474.1333333333334,12311.466666666667,62078.933333333334
1684293683.5535066,1419.7333333333333,12388.266666666666,62091.73333333333
1684293683.6036007,1472.0,12403.2,62077.86666666667
1684293683.6535172,1419.7333333333333,12396.8,62099.2
1684293683.703529,1421.8666666666666,12382.933333333332,62081.066666666666
1684293683.7535026,1420.8,12428.8,62081.066666666666
1684293683.8035889,1368.5333333333333,12461.866666666667,62104.53333333333
1684293683.8535137,1369.6,12467.2,62117.333333333336
1684293683.9035182,1369.6,12651.733333333334,62152.53333333333
1684293683.953793,1370.6666666666667,12652.8,62140.8
1684293684.003617,1371.7333333333333,12570.666666666666,62149.333333333336
1684293684.053543,1371.7333333333333,12557.866666666667,62091.73333333333
1684293684.1035452,1371.7333333333333,12569.6,62086.4
1684293684.1535034,1373.8666666666666,12437.333333333334,62102.4
1684293684.2037323,1373.8666666666666,12483.2,62066.13333333333
1684293684.253707,1372.8,12377.6,62066.13333333333
1684293684.3035295,1428.2666666666667,12420.266666666666,61872.0
1684293684.3535306,1428.2666666666667,12516.266666666666,61876.26666666667
1684293684.4035923,1428.2666666666667,12556.8,61827.2
1684293684.4535422,1482.6666666666667,12716.8,61683.2
1684293684.503826,1538.1333333333334,12638.933333333332,61717.333333333336
1684293684.5536184,1539.2,12779.733333333334,61760.0
1684293684.6036267,1593.6,13012.266666666666,61570.13333333333
1684293684.6535926,1593.6,12965.333333333334,61528.53333333333
1684293684.7035422,1595.7333333333333,13090.133333333333,61397.333333333336
1684293684.7535074,1652.2666666666667,13112.533333333333,61246.933333333334
1684293684.8037195,1598.9333333333334,13054.933333333332,61459.2
1684293684.8535175,1598.9333333333334,12990.933333333332,61624.53333333333
1684293684.9035113,1543.4666666666667,12901.333333333334,61824.0
1684293684.953799,1541.3333333333333,12901.333333333334,61997.86666666667
1684293685.0036254,1546.6666666666667,12901.333333333334,62053.333333333336
1684293685.0535178,1548.8,12796.8,62087.46666666667
1684293685.1036406,1546.6666666666667,12737.066666666668,62018.13333333333
1684293685.153529,1685.3333333333333,12626.133333333333,62082.13333333333
1684293685.2035809,1681.0666666666666,12640.0,62061.86666666667
1684293685.2535083,1682.1333333333334,12637.866666666667,62069.333333333336
1684293685.3035367,1683.2,12600.533333333333,62092.8
1684293685.3535419,1682.1333333333334,12613.333333333334,62054.4
1684293685.4035578,1684.2666666666667,12553.6,62080.0
1684293685.4535465,1684.2666666666667,12562.133333333333,62061.86666666667
1684293685.5035274,1683.2,12620.8,62029.86666666667
1684293685.5534863,1686.4,12576.0,62008.53333333333
1684293685.6036012,1686.4,12668.8,61970.13333333333
1684293685.6535113,1686.4,12622.933333333332,62035.2
1684293685.7034903,1738.6666666666667,12695.466666666667,61911.46666666667
1684293685.7534928,1736.5333333333333,12802.133333333333,61877.333333333336
1684293685.8038352,1736.5333333333333,12846.933333333332,61911.46666666667
1684293685.8550203,1740.8,12920.533333333333,61931.73333333333
1684293685.9036057,1685.3333333333333,12881.066666666668,62099.2
1684293685.9533634,1629.8666666666666,12806.4,62305.066666666666
1684293686.003229,1629.8666666666666,12636.8,62272.0
1684293686.0535595,1629.8666666666666,12521.6,62251.73333333333
1684293686.104013,1630.9333333333334,12613.333333333334,62296.53333333333
1684293686.1535954,1686.4,12633.6,62117.333333333336
1684293686.203617,1575.4666666666667,12531.2,62278.4
1684293686.2535672,1627.7333333333333,12448.0,62360.53333333333
1684293686.3035176,1627.7333333333333,12347.733333333334,62231.46666666667
1684293686.35351,1683.2,12393.6,62263.46666666667
1684293686.403578,1674.6666666666667,12381.866666666667,62277.333333333336
1684293686.4535847,1671.4666666666667,12297.6,62257.066666666666
1684293686.5035124,1671.4666666666667,12298.666666666666,62253.86666666667
1684293686.553525,1672.5333333333333,12300.8,62291.2
1684293686.603584,1619.2,12280.533333333333,62295.46666666667
1684293686.653541,1620.2666666666667,12279.466666666667,62284.8
1684293686.7035,1618.1333333333334,12253.866666666667,62293.333333333336
1684293686.753514,1619.2,12216.533333333333,62293.333333333336
1684293686.8035603,1621.3333333333333,12189.866666666667,62304.0
1684293686.8535237,1621.3333333333333,12184.533333333333,62270.933333333334
1684293686.9034934,1621.3333333333333,12000.0,62225.066666666666
1684293686.9538455,1621.3333333333333,12001.066666666668,62225.066666666666
1684293687.0036175,1620.2666666666667,12082.133333333333,62198.4
1684293687.0538876,1619.2,12070.4,62256.0
1684293687.1035926,1691.7333333333333,12070.4,62224.0
1684293687.1535196,1689.6,12204.8,62206.933333333334
1684293687.20363,1689.6,12185.6,62180.26666666667
1684293687.2535188,1770.6666666666667,12353.066666666668,62220.8
1684293687.303513,1715.2,12324.266666666666,62374.4
1684293687.3534956,1716.2666666666667,12256.0,62408.53333333333
1684293687.4035764,1916.8,12234.666666666666,62443.73333333333
1684293687.453654,1863.4666666666667,12129.066666666668,62448.0
1684293687.5035732,1808.0,12251.733333333334,62448.0
1684293687.5535054,1808.0,12109.866666666667,62394.666666666664
1684293687.6035953,1753.6,11948.8,62406.4
1684293687.6535118,1810.1333333333334,11994.666666666666,62308.26666666667
1684293687.7038128,1809.0666666666666,11976.533333333333,62248.53333333333
1684293687.7535746,1752.5333333333333,11908.266666666666,62353.066666666666
1684293687.8036435,1755.7333333333333,11906.133333333333,62368.0
1684293687.8535168,1703.4666666666667,11827.2,62406.4
1684293687.9036329,1704.5333333333333,11865.6,62427.73333333333
1684293687.9538918,1704.5333333333333,11784.533333333333,62437.333333333336
1684293688.0037363,1698.1333333333334,11779.2,62378.666666666664
1684293688.0531573,1698.1333333333334,11886.933333333332,62395.73333333333
1684293688.103154,1698.1333333333334,11900.8,62385.066666666666
1684293688.1532247,1554.1333333333334,11947.733333333334,62265.6
1684293688.203631,1555.2,11946.666666666666,62261.333333333336
1684293688.2535963,1554.1333333333334,11954.133333333333,62261.333333333336
1684293688.3035235,1553.0666666666666,11992.533333333333,62221.86666666667
1684293688.3535302,1554.1333333333334,11992.533333333333,62202.666666666664
1684293688.4035704,1552.0,12053.333333333334,62152.53333333333
1684293688.453595,1552.0,12057.6,62205.86666666667
1684293688.5035172,1606.4,12020.266666666666,62022.4
1684293688.5535243,1602.1333333333334,12086.4,62046.933333333334
1684293688.6035843,1601.0666666666666,12014.933333333332,62080.0
1684293688.6535375,1772.8,12115.2,61948.8
1684293688.7035234,1719.4666666666667,12042.666666666666,62066.13333333333
1684293688.753521,1718.4,11981.866666666667,62107.73333333333
1684293688.8035731,1718.4,11929.6,62073.6
1684293688.8534985,1715.2,11817.6,62014.933333333334
1684293688.9035277,1717.3333333333333,11812.266666666666,62064.0
1684293688.9538736,1769.6,11818.666666666666,62085.333333333336
1684293689.0036302,1828.2666666666667,11762.133333333333,61923.2
1684293689.0535262,1960.5333333333333,11868.8,61776.0
1684293689.103535,1957.3333333333333,11770.666666666666,61736.53333333333
1684293689.1535006,1957.3333333333333,11810.133333333333,61705.6
1684293689.2037303,1957.3333333333333,11908.266666666666,61744.0
1684293689.2535155,1957.3333333333333,11852.8,61744.0
1684293689.3035467,1901.8666666666666,11941.333333333334,61933.86666666667
1684293689.3535006,1849.6,11969.066666666668,61940.26666666667
1684293689.4036055,1796.2666666666667,11988.266666666666,61937.066666666666
1684293689.45354,1797.3333333333333,12080.0,61976.53333333333
1684293689.5038748,1795.2,12073.6,61942.4
1684293689.5535746,1794.1333333333334,12071.466666666667,61884.8
1684293689.6036723,1794.1333333333334,12088.533333333333,61901.86666666667
1684293689.6535323,1793.0666666666666,12082.133333333333,61896.53333333333
1684293689.703523,1793.0666666666666,12106.666666666666,61908.26666666667
1684293689.7535105,1792.0,12026.666666666666,61838.933333333334
1684293689.803598,1789.8666666666666,12074.666666666666,61799.46666666667
1684293689.8535173,1789.8666666666666,12067.2,61830.4
1684293689.9034884,1843.2,12002.133333333333,61666.13333333333
1684293689.9538023,1842.1333333333334,12000.0,61645.86666666667
1684293690.0035932,1842.1333333333334,11893.333333333334,61692.8
1684293690.0535598,1896.5333333333333,11972.266666666666,61470.933333333334
1684293690.1035109,1824.0,11973.333333333334,61477.333333333336
1684293690.1535017,1825.0666666666666,11899.733333333334,61511.46666666667
1684293690.2035694,1825.0666666666666,11925.333333333334,61505.066666666666
1684293690.2535381,1745.0666666666666,11798.4,61473.066666666666
1684293690.3035028,1747.2,11818.666666666666,61518.933333333334
1684293690.35353,1746.1333333333334,11886.933333333332,61454.933333333334
1684293690.4035413,1544.5333333333333,11841.066666666668,61420.8
1684293690.4535367,1543.4666666666667,11893.333333333334,61565.86666666667
1684293690.503496,1542.4,11862.4,61502.933333333334
1684293690.5535107,1542.4,11856.0,61570.13333333333
1684293690.6035697,1595.7333333333333,11961.6,61509.333333333336
1684293690.6535382,1538.1333333333334,11882.666666666666,61611.73333333333
1684293690.7034976,1592.5333333333333,11908.266666666666,61614.933333333334
1684293690.7534926,1648.0,11965.866666666667,61490.13333333333
1684293690.803562,1643.7333333333333,11901.866666666667,61475.2
1684293690.8534963,1639.4666666666667,11991.466666666667,61476.26666666667
1684293690.9035273,1640.5333333333333,11879.466666666667,61485.86666666667
1684293690.9536881,1640.5333333333333,11974.4,61479.46666666667
1684293691.003585,1640.5333333333333,11954.133333333333,61538.13333333333
1684293691.0535014,1639.4666666666667,11846.4,61509.333333333336
1684293691.1035788,1638.4,11863.466666666667,61518.933333333334
1684293691.153498,1639.4666666666667,11798.4,61526.4
1684293691.20356,1638.4,11800.533333333333,61514.666666666664
1684293691.2535036,1638.4,11794.133333333333,61480.53333333333
1684293691.3035648,1691.7333333333333,11720.533333333333,61447.46666666667
1684293691.353503,1691.7333333333333,11721.6,61450.666666666664
1684293691.4035816,1691.7333333333333,11713.066666666668,61485.86666666667
1684293691.4535334,1742.9333333333334,11742.933333333332,61388.8
1684293691.5035174,1688.5333333333333,11774.933333333332,61548.8
1684293691.5534818,1688.5333333333333,11778.133333333333,61603.2
1684293691.6035926,1688.5333333333333,11850.666666666666,61558.4
1684293691.6534846,1516.8,11790.933333333332,61675.73333333333
1684293691.7035131,1518.9333333333334,11777.066666666668,61704.53333333333
1684293691.7534952,1518.9333333333334,11849.6,61655.46666666667
1684293691.80358,1518.9333333333334,11810.133333333333,61643.73333333333
1684293691.8535047,1521.0666666666666,11928.533333333333,61671.46666666667
1684293691.9034925,1518.9333333333334,11908.266666666666,61612.8
1684293691.9536986,1518.9333333333334,11848.533333333333,61540.26666666667
1684293692.0035794,1516.8,11956.266666666666,61511.46666666667
1684293692.0535398,1440.0,11869.866666666667,61457.066666666666
1684293692.103485,1496.5333333333333,12026.666666666666,61309.86666666667
1684293692.1538892,1440.0,11940.266666666666,61516.8
1684293692.2038581,1438.9333333333334,11895.466666666667,61494.4
1684293692.2536685,1386.6666666666667,11973.333333333334,61578.666666666664
1684293692.303142,1441.0666666666666,11979.733333333334,61544.53333333333
1684293692.353136,1480.5333333333333,11997.866666666667,61547.73333333333
1684293692.4036381,1480.5333333333333,11981.866666666667,61526.4
1684293692.453862,1532.8,11960.533333333333,61528.53333333333
1684293692.5035203,1533.8666666666666,11965.866666666667,61554.13333333333
1684293692.553535,1538.1333333333334,11899.733333333334,61606.4
1684293692.6035979,1538.1333333333334,11874.133333333333,61557.333333333336
1684293692.6535223,1537.0666666666666,11885.866666666667,61543.46666666667
1684293692.7037857,1537.0666666666666,11847.466666666667,61533.86666666667
1684293692.7536044,1537.0666666666666,11926.4,61542.4
1684293692.8036327,1537.0666666666666,11937.066666666668,61560.53333333333
1684293692.8535173,1590.4,11992.533333333333,61396.26666666667
1684293692.903503,1537.0666666666666,12070.4,61568.0
1684293692.9537237,1537.0666666666666,12123.733333333334,61579.73333333333
1684293693.0036066,1537.0666666666666,12297.6,61382.4
1684293693.0535865,1482.6666666666667,12231.466666666667,61557.333333333336
1684293693.1035311,1483.7333333333333,12185.6,61606.4
1684293693.1534877,1482.6666666666667,12266.666666666666,61575.46666666667
1684293693.2036152,1482.6666666666667,12174.933333333332,61627.73333333333
1684293693.253512,1482.6666666666667,12246.4,61636.26666666667
1684293693.3035276,1481.6,12213.333333333334,61600.0
1684293693.3534951,1481.6,12144.0,61623.46666666667
1684293693.4035957,1484.8,12248.533333333333,61451.73333333333
1684293693.4535491,1540.2666666666667,12222.933333333332,61273.6
1684293693.5035243,1597.8666666666666,12208.0,61285.333333333336
1684293693.553488,1708.8,12336.0,61179.73333333333
1684293693.6035805,1655.4666666666667,12208.0,61410.13333333333
1684293693.6535025,1710.9333333333334,12275.2,61378.13333333333
1684293693.7035162,1655.4666666666667,12131.2,61565.86666666667
1684293693.7535176,1598.9333333333334,12067.2,61688.53333333333
1684293693.8036056,1598.9333333333334,12132.266666666666,61697.066666666666
1684293693.8535032,1601.0666666666666,12074.666666666666,61705.6
1684293693.9035196,1598.9333333333334,12186.666666666666,61694.933333333334
1684293693.9537017,1598.9333333333334,12184.533333333333,61680.0
1684293694.0035906,1598.9333333333334,12190.933333333332,61646.933333333334
1684293694.0535257,1597.8666666666666,12302.933333333332,61668.26666666667
1684293694.1035678,1600.0,12314.666666666666,61712.0
1684293694.1535258,1598.9333333333334,12392.533333333333,61780.26666666667
1684293694.2038128,1598.9333333333334,12403.2,61764.26666666667
1684293694.2538004,1600.0,12390.4,61778.13333333333
1684293694.3035755,1546.6666666666667,12472.533333333333,61813.333333333336
1684293694.3535392,1545.6,12445.866666666667,61797.333333333336
1684293694.4036005,1600.0,12524.8,61586.13333333333
1684293694.4535758,1547.7333333333333,12458.666666666666,61636.26666666667
1684293694.503752,1547.7333333333333,12352.0,61691.73333333333
1684293694.5535722,1547.7333333333333,12422.4,61685.333333333336
1684293694.6036024,1547.7333333333333,12296.533333333333,61673.6
1684293694.6535478,1549.8666666666666,12314.666666666666,61691.73333333333
1684293694.7035024,1547.7333333333333,12323.2,61649.066666666666
1684293694.7535214,1548.8,12210.133333333333,61668.26666666667
1684293694.8035545,1550.9333333333334,12286.933333333332,61719.46666666667
1684293694.8535254,1548.8,12230.4,61708.8
1684293694.903672,1603.2,12244.266666666666,61587.2
1684293694.9537768,1554.1333333333334,12310.4,61645.86666666667
1684293695.0036016,1553.0666666666666,12196.266666666666,61767.46666666667
1684293695.0535347,1553.0666666666666,12235.733333333334,61906.13333333333
1684293695.103512,1553.0666666666666,12198.4,61945.6
1684293695.153491,1608.5333333333333,12200.533333333333,61735.46666666667
1684293695.20357,1611.7333333333333,12246.4,61784.53333333333
1684293695.2535093,1612.8,12273.066666666668,61753.6
1684293695.3035161,1557.3333333333333,12293.333333333334,61754.666666666664
1684293695.3534799,1522.1333333333334,12260.266666666666,61745.066666666666
1684293695.4035535,1521.0666666666666,12176.0,61767.46666666667
1684293695.4535367,1468.8,12216.533333333333,61780.26666666667
1684293695.5035088,1521.0666666666666,12229.333333333334,61729.066666666666
1684293695.5534966,1516.8,12316.8,61725.86666666667
1684293695.6035652,1516.8,12298.666666666666,61740.8
1684293695.6535006,1571.2,12254.933333333332,61670.4
1684293695.7035213,1571.2,12320.0,61666.13333333333
1684293695.7534907,1572.2666666666667,12261.333333333334,61650.13333333333
1684293695.8035645,1571.2,12364.8,61661.86666666667
1684293695.8535218,1516.8,12309.333333333334,61771.73333333333
1684293695.9035125,1520.0,12250.666666666666,61794.13333333333
1684293695.9536972,1574.4,12282.666666666666,61642.666666666664
1684293696.0035944,1574.4,12197.333333333334,61788.8
1684293696.0535142,1577.6,12169.6,61793.066666666666
1684293696.1034856,1576.5333333333333,12222.933333333332,61742.933333333334
1684293696.1535072,1576.5333333333333,12254.933333333332,61755.73333333333
1684293696.2035534,1576.5333333333333,12368.0,61722.666666666664
1684293696.2535303,1575.4666666666667,12389.333333333334,61714.13333333333
1684293696.3034859,1574.4,12368.0,61754.666666666664
1684293696.3535123,1628.8,12509.866666666667,61798.4
1684293696.4035418,1625.6,12433.066666666668,61976.53333333333
1684293696.4535158,1570.1333333333334,12471.466666666667,62140.8
1684293696.5035036,1512.5333333333333,12491.733333333334,62192.0
1684293696.5535374,1458.1333333333334,12331.733333333334,62081.066666666666
1684293696.603555,1458.1333333333334,12433.066666666668,62085.333333333336
1684293696.6535268,1459.2,12438.4,61980.8
1684293696.7034974,1513.6,12552.533333333333,61946.666666666664
1684293696.7534769,1515.7333333333333,12526.933333333332,61947.73333333333
1684293696.8035543,1514.6666666666667,12427.733333333334,61929.6
1684293696.8534966,1512.5333333333333,12492.8,61912.53333333333
1684293696.9035134,1513.6,12426.666666666666,61908.26666666667
1684293696.9536846,1514.6666666666667,12420.266666666666,61906.13333333333
1684293697.003599,1514.6666666666667,12413.866666666667,61902.933333333334
1684293697.0535104,1569.0666666666666,12461.866666666667,61738.666666666664
1684293697.1035495,1566.9333333333334,12444.8,61755.73333333333
1684293697.1538494,1566.9333333333334,12407.466666666667,61731.2
1684293697.2036755,1621.3333333333333,12435.2,61566.933333333334
1684293697.2535274,1620.2666666666667,12448.0,61544.53333333333
1684293697.303523,1622.4,12444.8,61554.13333333333
1684293697.3535128,1622.4,12469.333333333334,61558.4
1684293697.4035833,1568.0,12408.533333333333,61758.933333333334
1684293697.4536397,1569.0666666666666,12400.0,61800.53333333333
1684293697.5035272,1569.0666666666666,12518.4,61724.8
1684293697.5535374,1569.0666666666666,12469.333333333334,61698.13333333333
1684293697.603592,1569.0666666666666,12609.066666666668,61701.333333333336
1684293697.6535378,1568.0,12579.2,61667.2
1684293697.7037604,1625.6,12563.2,61662.933333333334
1684293697.753578,1678.9333333333334,12684.8,61655.46666666667
1684293697.8036053,1676.8,12708.266666666666,61680.0
1684293697.853531,1674.6666666666667,12777.6,61701.333333333336
1684293697.9035156,1620.2666666666667,12865.066666666668,61892.26666666667
1684293697.9538224,1616.0,12800.0,61842.13333333333
1684293698.0036082,1614.9333333333334,12870.4,61921.066666666666
1684293698.0535398,1613.8666666666666,12876.8,61764.26666666667
1684293698.1035016,1613.8666666666666,12871.466666666667,61725.86666666667
1684293698.1534941,1612.8,12862.933333333332,61885.86666666667
1684293698.2035472,1612.8,12782.933333333332,61854.933333333334
1684293698.2534926,1611.7333333333333,12756.266666666666,61869.86666666667
1684293698.303519,1613.8666666666666,12663.466666666667,61908.26666666667
1684293698.3534813,1607.4666666666667,12637.866666666667,61934.933333333334
1684293698.4035447,1606.4,12722.133333333333,61908.26666666667
1684293698.4534984,1658.6666666666667,12781.866666666667,61789.86666666667
1684293698.503865,1605.3333333333333,12836.266666666666,61818.666666666664
1684293698.553864,1605.3333333333333,12854.4,61793.066666666666
1684293698.603779,1658.6666666666667,12849.066666666668,61789.86666666667
1684293698.6531632,1604.2666666666667,12892.8,61907.2
1684293698.7031724,1607.4666666666667,12957.866666666667,61937.066666666666
1684293698.7535105,1607.4666666666667,13022.933333333332,61949.86666666667
1684293698.8038797,1608.5333333333333,12893.866666666667,61948.8
1684293698.853525,1612.8,12821.333333333334,61972.26666666667
1684293698.9035504,1609.6,12887.466666666667,61928.53333333333
1684293698.9538012,1555.2,13016.533333333333,62150.4
1684293699.0036016,1555.2,13049.6,62142.933333333334
1684293699.0535161,1552.0,13046.4,62131.2
1684293699.103494,1552.0,12958.933333333332,62161.066666666666
1684293699.1535163,1606.4,12993.066666666668,61975.46666666667
1684293699.2037215,1771.7333333333333,13024.0,61781.333333333336
1684293699.2535431,1771.7333333333333,13009.066666666668,61799.46666666667
1684293699.303486,1771.7333333333333,13195.733333333334,61809.066666666666
1684293699.353488,1717.3333333333333,13034.666666666666,61802.666666666664
1684293699.4036157,1772.8,13127.466666666667,61653.333333333336
1684293699.453523,1870.9333333333334,13123.2,61494.4
1684293699.5038283,1870.9333333333334,13098.666666666666,61435.73333333333
1684293699.553587,1869.8666666666666,13140.266666666666,61652.26666666667
1684293699.6036026,1817.6,13095.466666666667,61654.4
1684293699.6535385,1763.2,13061.333333333334,61838.933333333334
1684293699.7035282,1710.9333333333334,13072.0,61797.333333333336
1684293699.7535253,1709.8666666666666,13073.066666666668,61837.86666666667
1684293699.8035638,1710.9333333333334,13185.066666666668,61864.53333333333
1684293699.853534,1764.2666666666667,13258.666666666666,61699.2
1684293699.9035254,1764.2666666666667,13336.533333333333,61692.8
1684293699.9538257,1763.2,13336.533333333333,61678.933333333334
1684293700.003625,1816.5333333333333,13329.066666666668,61508.26666666667
1684293700.0535164,1761.0666666666666,13300.266666666666,61658.666666666664
1684293700.1035511,1762.1333333333334,13272.533333333333,61675.73333333333
1684293700.1535006,1762.1333333333334,13330.133333333333,61668.26666666667
1684293700.2035596,1708.8,13264.0,61833.6
1684293700.2534926,1710.9333333333334,13171.2,61846.4
1684293700.303519,1708.8,13193.6,61824.0
1684293700.3534918,1708.8,13193.6,61875.2
1684293700.4035344,1708.8,13202.133333333333,61832.53333333333
1684293700.4535055,1707.7333333333333,13203.2,61790.933333333334
1684293700.5035436,1707.7333333333333,13137.066666666668,61843.2
1684293700.5537965,1708.8,13170.133333333333,61742.933333333334
1684293700.6038308,1708.8,13116.8,61736.53333333333
1684293700.6535869,1707.7333333333333,13121.066666666668,61757.86666666667
1684293700.7035198,1650.1333333333334,13211.733333333334,61810.13333333333
1684293700.753487,1595.7333333333333,13224.533333333333,61815.46666666667
1684293700.8035889,1596.8,13207.466666666667,61785.6
1684293700.8535042,1597.8666666666666,13227.733333333334,61800.53333333333
1684293700.9036255,1654.4,13126.4,61580.8
1684293700.9538171,1655.4666666666667,13211.733333333334,61646.933333333334
1684293701.003646,1655.4666666666667,13257.6,61682.13333333333
1684293701.053511,1600.0,13171.2,61836.8
1684293701.1035192,1601.0666666666666,13144.533333333333,61976.53333333333
1684293701.153486,1602.1333333333334,13048.533333333333,61970.13333333333
1684293701.2035532,1601.0666666666666,13154.133333333333,62001.066666666666
1684293701.2535033,1656.5333333333333,13188.266666666666,61780.26666666667
1684293701.3036206,1654.4,13300.266666666666,61777.066666666666
1684293701.3535137,1654.4,13278.933333333332,61773.86666666667
1684293701.4035635,1656.5333333333333,13281.066666666668,61779.2
1684293701.4535155,1603.2,13227.733333333334,61878.4
1684293701.503536,1603.2,13159.466666666667,61910.4
1684293701.5535192,1603.2,13133.866666666667,61906.13333333333
1684293701.6035671,1549.8666666666666,13139.2,61915.73333333333
1684293701.6535351,1553.0666666666666,13120.0,61898.666666666664
1684293701.7034838,1549.8666666666666,13037.866666666667,61835.73333333333
1684293701.7535176,1548.8,13031.466666666667,61843.2
1684293701.8035405,1603.2,13020.8,61790.933333333334
1684293701.8535252,1598.9333333333334,13108.266666666666,61783.46666666667
1684293701.903483,1600.0,13120.0,61824.0
1684293701.9538372,1600.0,12891.733333333334,61829.333333333336
1684293702.0035772,1600.0,12897.066666666668,61837.86666666667
1684293702.0538487,1600.0,12922.666666666666,61664.0
1684293702.1035511,1654.4,13083.733333333334,61533.86666666667
1684293702.153496,1601.0666666666666,13001.6,61692.8
1684293702.2035806,1436.8,12875.733333333334,61941.333333333336
1684293702.253537,1436.8,12837.333333333334,61950.933333333334
1684293702.3034904,1436.8,12585.6,61965.86666666667
1684293702.353484,1438.9333333333334,12704.0,61936.0
1684293702.4035575,1383.4666666666667,12669.866666666667,62019.2
1684293702.4536245,1340.8,12683.733333333334,62113.066666666666
1684293702.503582,1396.2666666666667,12657.066666666668,62140.8
1684293702.553497,1396.2666666666667,12683.733333333334,61922.13333333333
1684293702.6035633,1392.0,12714.666666666666,61911.46666666667
1684293702.653497,1499.7333333333333,12761.6,61658.666666666664
1684293702.7038045,1497.6,12742.4,61696.0
1684293702.7535486,1498.6666666666667,12746.666666666666,61713.066666666666
1684293702.8035984,1498.6666666666667,12734.933333333332,61480.53333333333
1684293702.8535037,1447.4666666666667,12648.533333333333,61680.0
1684293702.9035177,1447.4666666666667,12635.733333333334,61688.53333333333
1684293702.95379,1447.4666666666667,12622.933333333332,61713.066666666666
1684293703.0036516,1394.1333333333334,12635.733333333334,61890.13333333333
1684293703.0535178,1398.4,12660.266666666666,61877.333333333336
1684293703.1035233,1397.3333333333333,12653.866666666667,61834.666666666664
1684293703.1534872,1397.3333333333333,12666.666666666666,61860.26666666667
1684293703.203671,1396.2666666666667,12627.2,61904.0
1684293703.2535248,1394.1333333333334,12741.333333333334,61866.666666666664
1684293703.3034794,1394.1333333333334,12712.533333333333,61914.666666666664
1684293703.3535018,1447.4666666666667,12642.133333333333,61708.8
1684293703.4035356,1446.4,12609.066666666668,61720.53333333333
1684293703.453532,1446.4,12515.2,61751.46666666667
1684293703.5035264,1499.7333333333333,12662.4,61611.73333333333
1684293703.5535066,1498.6666666666667,12584.533333333333,61704.53333333333
1684293703.6035395,1498.6666666666667,12563.2,61702.4
1684293703.6535244,1499.7333333333333,12550.4,61725.86666666667
1684293703.7034814,1500.8,12406.4,61676.8
1684293703.7534869,1504.0,12397.866666666667,61685.333333333336
1684293703.8035295,1502.9333333333334,12359.466666666667,61705.6
1684293703.8535306,1502.9333333333334,12392.533333333333,61683.2
1684293703.903509,1500.8,12422.4,61831.46666666667
1684293703.9538167,1499.7333333333333,12390.4,61702.4
1684293704.0035973,1500.8,12349.866666666667,61684.26666666667
1684293704.0534992,1611.7333333333333,12489.6,61500.8
1684293704.1034982,1555.2,12501.333333333334,61512.53333333333
1684293704.153508,1499.7333333333333,12597.333333333334,61540.26666666667
1684293704.2037964,1500.8,12610.133333333333,61539.2
1684293704.2535026,1444.2666666666667,12556.8,61760.0
1684293704.3034823,1445.3333333333333,12563.2,61763.2
1684293704.353472,1445.3333333333333,12557.866666666667,61699.2
1684293704.4035301,1444.2666666666667,12556.8,61733.333333333336
1684293704.4535122,1447.4666666666667,12563.2,61752.53333333333
1684293704.5038128,1500.8,12531.2,61744.0
1684293704.553562,1500.8,12512.0,61723.73333333333
1684293704.6036289,1504.0,12466.133333333333,61725.86666666667
1684293704.6535413,1500.8,12507.733333333334,61701.333333333336
1684293704.703541,1500.8,12485.333333333334,61764.26666666667
1684293704.753487,1555.2,12462.933333333332,61760.0
1684293704.8035333,1500.8,12461.866666666667,61765.333333333336
1684293704.853548,1501.8666666666666,12347.733333333334,61784.53333333333
1684293704.9035206,1500.8,12417.066666666668,61795.2
1684293704.9537919,1500.8,12484.266666666666,61795.2
1684293705.0039303,1501.8666666666666,12536.533333333333,61628.8
1684293705.0534294,1555.2,12576.0,61795.2
1684293705.1031592,1500.8,12440.533333333333,61941.333333333336
1684293705.1531544,1501.8666666666666,12521.6,61943.46666666667
1684293705.203094,1500.8,12595.2,61898.666666666664
1684293705.253601,1500.8,12614.4,61837.86666666667
1684293705.3038213,1504.0,12707.2,61837.86666666667
1684293705.3535562,1501.8666666666666,12756.266666666666,61725.86666666667
1684293705.4035187,1501.8666666666666,12748.8,61851.73333333333
1684293705.4536073,1557.3333333333333,12733.866666666667,61851.73333333333
1684293705.5035796,1501.8666666666666,12716.8,61848.53333333333
1684293705.553541,1504.0,12710.4,62036.26666666667
1684293705.6034915,1558.4,12786.133333333333,61997.86666666667
1684293705.6536012,1450.6666666666667,12627.2,62260.26666666667
1684293705.7035031,1451.7333333333333,12600.533333333333,62229.333333333336
1684293705.7535012,1452.8,12490.666666666666,62197.333333333336
1684293705.8034923,1451.7333333333333,12521.6,62423.46666666667
1684293705.853607,1450.6666666666667,12501.333333333334,62430.933333333334
1684293705.90351,1449.6,12403.2,62381.86666666667
1684293705.9538412,1449.6,12391.466666666667,62365.86666666667
1684293706.0035279,1501.8666666666666,12341.333333333334,62349.86666666667
1684293706.0536788,1498.6666666666667,12331.733333333334,62375.46666666667
1684293706.1035728,1498.6666666666667,12344.533333333333,62390.4
1684293706.1535249,1498.6666666666667,12324.266666666666,62365.86666666667
1684293706.2035184,1498.6666666666667,12364.8,62353.066666666666
1684293706.2535968,1498.6666666666667,12341.333333333334,62395.73333333333
1684293706.3035254,1498.6666666666667,12389.333333333334,62388.26666666667
1684293706.353488,1446.4,12467.2,62548.26666666667
1684293706.40348,1447.4666666666667,12460.8,62550.4
1684293706.4535515,1447.4666666666667,12567.466666666667,62570.666666666664
1684293706.5035295,1394.1333333333334,12514.133333333333,62692.26666666667
1684293706.5534837,1395.2,12486.4,62699.73333333333
1684293706.6034968,1395.2,12565.333333333334,62710.4
1684293706.6535714,1394.1333333333334,12492.8,62673.066666666666
1684293706.7035174,1445.3333333333333,12593.066666666668,62678.4
1684293706.7534823,1443.2,12562.133333333333,62660.26666666667
1684293706.8034914,1443.2,12461.866666666667,62630.4
1684293706.853546,1443.2,12436.266666666666,62551.46666666667
1684293706.9034717,1388.8,12346.666666666666,62614.4
1684293706.9538355,1388.8,12391.466666666667,62724.26666666667
1684293707.0035203,1388.8,12420.266666666666,62736.0
1684293707.0538454,1277.8666666666666,12280.533333333333,63004.8
1684293707.103578,1281.0666666666666,12267.733333333334,63025.066666666666
1684293707.1535325,1283.2,12235.733333333334,63057.066666666666
1684293707.2034993,1282.1333333333334,12216.533333333333,63041.066666666666
1684293707.2536185,1282.1333333333334,12209.066666666668,63028.26666666667
1684293707.303496,1282.1333333333334,12150.4,63020.8
1684293707.353512,1283.2,12163.2,63096.53333333333
1684293707.403481,1336.5333333333333,12151.466666666667,62880.0
1684293707.4537008,1334.4,12119.466666666667,62849.066666666666
1684293707.5036495,1282.1333333333334,12157.866666666667,62838.4
1684293707.5535283,1282.1333333333334,12150.4,62854.4
1684293707.6036005,1278.9333333333334,12203.733333333334,62842.666666666664
1684293707.6536024,1278.9333333333334,12226.133333333333,62874.666666666664
1684293707.7037866,1282.1333333333334,12206.933333333332,62844.8
1684293707.7535517,1227.7333333333333,12243.2,62862.933333333334
1684293707.8035302,1227.7333333333333,12174.933333333332,62864.0
1684293707.8535786,1226.6666666666667,12364.8,62868.26666666667
1684293707.903487,1226.6666666666667,12264.533333333333,62812.8
1684293707.953786,1226.6666666666667,12157.866666666667,62812.8
1684293708.0035217,1225.6,12073.6,62968.53333333333
1684293708.0535712,1172.2666666666667,11900.8,62989.86666666667
1684293708.103536,1176.5333333333333,11980.8,62963.2
1684293708.153469,1174.4,11901.866666666667,62972.8
1684293708.2034872,1174.4,11874.133333333333,62984.53333333333
1684293708.2535536,1174.4,11914.666666666666,63032.53333333333
1684293708.3035233,1171.2,11847.466666666667,63015.46666666667
1684293708.3534782,1171.2,11790.933333333332,63133.86666666667
1684293708.4034944,1171.2,11866.666666666666,63133.86666666667
1684293708.4535425,1116.8,11838.933333333332,62989.86666666667
1684293708.5035424,1172.2666666666667,11864.533333333333,62878.933333333334
1684293708.5534794,1171.2,11805.866666666667,62842.666666666664
1684293708.6036313,1116.8,11712.0,62925.86666666667
1684293708.653579,1115.7333333333333,11811.2,62929.066666666666
1684293708.7035306,1118.9333333333334,11818.666666666666,62973.86666666667
1684293708.7534878,1116.8,11936.0,63005.86666666667
1684293708.8034809,1166.9333333333334,11956.266666666666,62774.4
1684293708.8535635,1165.8666666666666,11957.333333333334,62749.86666666667
1684293708.9035156,1165.8666666666666,12055.466666666667,62824.53333333333
1684293708.9537976,1165.8666666666666,12016.0,62805.333333333336
1684293709.0035129,1113.6,12087.466666666667,62782.933333333334
1684293709.0536022,1113.6,12046.933333333332,62791.46666666667
1684293709.1035366,1168.0,12029.866666666667,62675.2
1684293709.1535244,1168.0,12029.866666666667,62678.4
1684293709.2036877,1168.0,11963.733333333334,62681.6
1684293709.2536163,1220.2666666666667,12059.733333333334,62533.333333333336
1684293709.3034992,1220.2666666666667,11998.933333333332,62497.066666666666
1684293709.3534825,1223.4666666666667,11879.466666666667,62545.066666666666
1684293709.40347,1223.4666666666667,11886.933333333332,62539.73333333333
1684293709.4535673,1224.5333333333333,11793.066666666668,62482.13333333333
1684293709.5038056,1224.5333333333333,11832.533333333333,62327.46666666667
1684293709.5535772,1224.5333333333333,11859.2,62294.4
1684293709.603841,1280.0,11768.533333333333,62317.86666666667
1684293709.653744,1280.0,11845.333333333334,62229.333333333336
1684293709.70313,1227.7333333333333,11792.0,62248.53333333333
1684293709.7534554,1282.1333333333334,11862.4,62278.4
1684293709.803151,1282.1333333333334,11965.866666666667,62265.6
1684293709.853216,1282.1333333333334,11921.066666666668,62306.13333333333
1684293709.903502,1283.2,11965.866666666667,62299.73333333333
1684293709.9538178,1336.5333333333333,11977.6,62318.933333333334
1684293710.0035799,1336.5333333333333,11901.866666666667,62297.6
1684293710.0536022,1340.8,11988.266666666666,62297.6
1684293710.1035132,1338.6666666666667,11948.8,62258.13333333333
1684293710.1534944,1336.5333333333333,12008.533333333333,62249.6
1684293710.203485,1387.7333333333333,11985.066666666668,62205.86666666667
1684293710.2535567,1388.8,11881.6,62220.8
1684293710.3035228,1388.8,11920.0,62256.0
1684293710.353492,1387.7333333333333,11795.2,62088.53333333333
1684293710.4035227,1334.4,11834.666666666666,62291.2
1684293710.4535553,1334.4,11827.2,62300.8
1684293710.5035641,1333.3333333333333,11810.133333333333,62157.86666666667
1684293710.553477,1333.3333333333333,11810.133333333333,62116.26666666667
1684293710.6034966,1335.4666666666667,11748.266666666666,62153.6
1684293710.6535678,1335.4666666666667,12052.266666666666,62152.53333333333
