Time,Right Hand Signal,Head Signal,Strain Gauge Signal
1684296114.250385,1289.6,4684.8,62289.066666666666
1684296114.300355,1290.6666666666667,4744.533333333334,62170.666666666664
1684296114.3502703,1290.6666666666667,4645.333333333333,62221.86666666667
1684296114.4003263,1289.6,4648.533333333334,62264.53333333333
1684296114.4504578,1345.0666666666666,4652.8,62293.333333333336
1684296114.500566,1345.0666666666666,4560.0,62288.0
1684296114.549875,1348.2666666666667,4521.6,62249.6
1684296114.5998342,1347.2,4446.933333333333,62269.86666666667
1684296114.6499224,1402.6666666666667,4496.0,62288.0
1684296114.7003248,1350.4,4481.066666666667,62307.2
1684296114.7505355,1420.8,4526.933333333333,62084.26666666667
1684296114.8005006,1419.7333333333333,4512.0,62110.933333333334
1684296114.8503428,1362.1333333333334,4584.533333333334,62189.86666666667
1684296114.9003296,1362.1333333333334,4513.066666666667,62213.333333333336
1684296114.9502776,1361.0666666666666,4492.8,62203.73333333333
1684296115.0002224,1410.1333333333334,4464.0,62163.2
1684296115.050247,1410.1333333333334,4450.133333333333,62150.4
1684296115.100259,1409.0666666666666,4461.866666666667,62322.13333333333
1684296115.150246,1408.0,4409.6,62355.2
1684296115.2002037,1406.9333333333334,4402.133333333333,62330.666666666664
1684296115.2502317,1405.8666666666666,4298.666666666667,62321.066666666666
1684296115.3005126,1458.1333333333334,4298.666666666667,62379.73333333333
1684296115.3503551,1458.1333333333334,4297.6,62555.73333333333
1684296115.4002264,1453.8666666666666,4226.133333333333,62528.0
1684296115.4505558,1507.2,4245.333333333333,62546.13333333333
1684296115.5003366,1507.2,4265.6,62647.46666666667
1684296115.5503757,1454.9333333333334,4293.333333333333,62725.333333333336
1684296115.6002488,1454.9333333333334,4225.066666666667,62872.53333333333
1684296115.6502116,1452.8,4263.466666666666,63015.46666666667
1684296115.7003002,1506.1333333333334,4308.266666666666,62973.86666666667
1684296115.7502496,1506.1333333333334,4295.466666666666,62997.333333333336
1684296115.800209,1505.0666666666666,4331.733333333334,62990.933333333334
1684296115.8502092,1505.0666666666666,4373.333333333333,62958.933333333334
1684296115.9002717,1505.0666666666666,4426.666666666667,62954.666666666664
1684296115.9502208,1448.5333333333333,4354.133333333333,63005.86666666667
1684296116.0002358,1395.2,4387.2,62999.46666666667
1684296116.050187,1394.1333333333334,4393.6,62934.4
1684296116.100288,1390.9333333333334,4386.133333333333,62925.86666666667
1684296116.150214,1443.2,4438.4,62738.13333333333
1684296116.2002196,1497.6,4439.466666666666,62686.933333333334
1684296116.2501986,1501.8666666666666,4378.666666666667,62660.26666666667
1684296116.3003144,1447.4666666666667,4226.133333333333,62643.2
1684296116.3502095,1447.4666666666667,4186.666666666667,62657.066666666666
1684296116.4002404,1499.7333333333333,4165.333333333333,62646.4
1684296116.4504259,1496.5333333333333,4205.866666666667,62646.4
1684296116.5003319,1496.5333333333333,4190.933333333333,62634.666666666664
1684296116.5509827,1497.6,4211.2,62562.13333333333
1684296116.6008375,1497.6,4312.533333333334,62529.066666666666
1684296116.6491625,1497.6,4326.4,62552.53333333333
1684296116.699031,1496.5333333333333,4320.0,62552.53333333333
1684296116.7495413,1496.5333333333333,4293.333333333333,62441.6
1684296116.7995126,1550.9333333333334,4374.4,62420.26666666667
1684296116.8499272,1604.2666666666667,4348.8,62489.6
1684296116.9003246,1604.2666666666667,4412.8,62453.333333333336
1684296116.9502866,1606.4,4374.4,62437.333333333336
1684296117.0002198,1554.1333333333334,4366.933333333333,62610.13333333333
1684296117.050576,1554.1333333333334,4434.133333333333,62500.26666666667
1684296117.1003952,1554.1333333333334,4428.8,62500.26666666667
1684296117.1503108,1554.1333333333334,4360.533333333334,62440.53333333333
1684296117.2002268,1554.1333333333334,4318.933333333333,62437.333333333336
1684296117.2502346,1607.4666666666667,4296.533333333334,62278.4
1684296117.3003376,1553.0666666666666,4220.8,62433.066666666666
1684296117.3502722,1553.0666666666666,4265.6,62417.066666666666
1684296117.4002001,1553.0666666666666,4254.933333333333,62515.2
1684296117.4504814,1549.8666666666666,4258.133333333333,62525.86666666667
1684296117.5003173,1548.8,4329.6,62326.4
1684296117.5502374,1602.1333333333334,4361.6,62186.666666666664
1684296117.6002274,1658.6666666666667,4395.733333333334,62000.0
1684296117.6510231,1603.2,4370.133333333333,62000.0
1684296117.7001705,1602.1333333333334,4430.933333333333,61814.4
1684296117.749984,1586.1333333333334,4391.466666666666,62012.8
1684296117.7995203,1642.6666666666667,4471.466666666666,61997.86666666667
1684296117.8494992,1589.3333333333333,4406.4,61962.666666666664
1684296117.8996181,1641.6,4401.066666666667,61937.066666666666
1684296117.950472,1642.6666666666667,4446.933333333333,61945.6
1684296118.000318,1589.3333333333333,4354.133333333333,61977.6
1684296118.050223,1589.3333333333333,4347.733333333334,61970.13333333333
1684296118.1003153,1642.6666666666667,4381.866666666667,61850.666666666664
1684296118.1502337,1642.6666666666667,4354.133333333333,61825.066666666666
1684296118.2002506,1642.6666666666667,4340.266666666666,61879.46666666667
1684296118.250201,1642.6666666666667,4336.0,61872.0
1684296118.3003292,1589.3333333333333,4322.133333333333,61853.86666666667
1684296118.3502226,1589.3333333333333,4328.533333333334,61889.066666666666
1684296118.400233,1913.6,4353.066666666667,61927.46666666667
1684296118.4504433,2295.4666666666667,4333.866666666667,61880.53333333333
1684296118.5003257,2769.0666666666666,4314.666666666667,61857.066666666666
1684296118.550244,3127.4666666666667,4294.4,61821.86666666667
1684296118.600235,3483.733333333333,4340.266666666666,61856.0
1684296118.6501927,3905.0666666666666,4322.133333333333,61668.26666666667
1684296118.7002375,4235.733333333334,4302.933333333333,61666.13333333333
1684296118.7502854,4642.133333333333,4268.8,61619.2
1684296118.8002422,5120.0,4289.066666666667,61414.4
1684296118.8501906,5542.4,4274.133333333333,61397.333333333336
1684296118.9002352,5948.8,4200.533333333334,61371.73333333333
1684296118.9502938,6342.4,4194.133333333333,61294.933333333334
1684296119.0002387,6757.333333333333,4086.4,61358.933333333334
1684296119.0502532,7132.8,4120.533333333334,61461.333333333336
1684296119.1002293,7571.2,4161.066666666667,61485.86666666667
1684296119.1502717,8004.266666666666,4142.933333333333,61476.26666666667
1684296119.2002327,8338.133333333333,4125.866666666667,61459.2
1684296119.2503858,8707.2,4213.333333333333,61482.666666666664
1684296119.3002808,9083.733333333334,4248.533333333334,61506.13333333333
1684296119.3502767,9457.066666666668,4228.266666666666,61464.53333333333
1684296119.400233,9788.8,4275.2,61428.26666666667
1684296119.4504077,10187.733333333334,4254.933333333333,61415.46666666667
1684296119.500258,10644.266666666666,4317.866666666667,61220.26666666667
1684296119.550301,11069.866666666667,4297.6,61255.46666666667
1684296119.600238,11494.4,4217.6,61255.46666666667
1684296119.650224,11895.466666666667,4184.533333333334,61223.46666666667
1684296119.7002192,12281.6,4178.133333333333,61155.2
1684296119.7505171,12661.333333333334,4178.133333333333,61211.73333333333
1684296119.8003972,13042.133333333333,4073.6,61145.6
1684296119.850478,13369.6,4073.6,61025.066666666666
1684296119.9003263,13750.4,4000.0,60954.666666666664
1684296119.9503038,14122.666666666666,4080.0,60908.8
1684296120.0002813,14497.066666666668,4072.5333333333333,60825.6
1684296120.0502093,14873.6,4018.133333333333,60857.6
1684296120.1002197,15252.266666666666,4023.4666666666667,60789.333333333336
1684296120.1503246,15626.666666666666,4064.0,60760.53333333333
1684296120.200258,16019.2,4072.5333333333333,60675.2
1684296120.250228,16341.333333333334,4056.5333333333333,60771.2
1684296120.3003016,16710.4,4097.066666666667,60642.13333333333
1684296120.350277,17081.6,4076.8,60508.8
1684296120.400236,17452.8,4029.866666666667,60402.13333333333
1684296120.4504251,17767.466666666667,4074.6666666666665,60201.6
1684296120.5002713,18188.8,4061.866666666667,60073.6
1684296120.5502863,18504.533333333333,4008.5333333333333,60195.2
1684296120.6002386,18816.0,3934.9333333333334,60297.6
1684296120.6504674,19244.8,3927.4666666666667,60196.26666666667
1684296120.700993,19611.733333333334,3852.8,60277.333333333336
1684296120.7501557,19926.4,3813.3333333333335,60164.26666666667
1684296120.7999425,20486.4,3799.4666666666667,60009.6
1684296120.8498259,20850.133333333335,3878.4,59875.2
1684296120.8998113,21219.2,3923.2,59712.0
1684296120.9505672,21635.2,3979.733333333333,59496.53333333333
1684296121.000254,21998.933333333334,4052.266666666667,59377.066666666666
1684296121.0502849,22361.6,4112.0,59227.73333333333
1684296121.1002429,22680.533333333333,4080.0,59170.13333333333
1684296121.1503026,23047.466666666667,4066.133333333333,59042.13333333333
1684296121.2002034,23464.533333333333,4173.866666666667,58861.86666666667
1684296121.2501903,23826.133333333335,4194.133333333333,58714.666666666664
1684296121.3002527,24187.733333333334,4208.0,58560.0
1684296121.3503032,24604.8,4235.733333333334,58181.333333333336
1684296121.40023,24643.2,4209.066666666667,57932.8
1684296121.4504647,24570.666666666668,4195.2,57753.6
1684296121.500278,24459.733333333334,4168.533333333334,57575.46666666667
1684296121.5503058,24460.8,4155.733333333334,57358.933333333334
1684296121.600228,24467.2,4108.8,57147.73333333333
1684296121.6502001,24411.733333333334,4088.5333333333333,57123.2
1684296121.7002544,24382.933333333334,4073.6,56949.333333333336
1684296121.7502925,24338.133333333335,4061.866666666667,56747.73333333333
1684296121.800306,24222.933333333334,4014.9333333333334,56695.46666666667
1684296121.8502893,24164.266666666666,3966.9333333333334,56484.26666666667
1684296121.9002042,24168.533333333333,4049.0666666666666,56078.933333333334
1684296121.9502783,24133.333333333332,4035.2,55895.46666666667
1684296122.0001874,24068.266666666666,4042.6666666666665,55678.933333333334
1684296122.0504892,23993.6,3948.8,55430.4
1684296122.1002665,23914.666666666668,3928.5333333333333,55165.86666666667
1684296122.1502967,23782.4,4116.266666666666,55202.13333333333
1684296122.2002053,23750.4,4736.0,55014.4
1684296122.2501996,23733.333333333332,5306.666666666667,54827.73333333333
1684296122.300245,23714.133333333335,6050.133333333333,54638.933333333334
1684296122.3502674,23753.6,6846.933333333333,54295.46666666667
1684296122.4001927,23782.4,7635.2,54032.0
1684296122.4504054,23738.666666666668,8500.266666666666,53813.333333333336
1684296122.5002248,23642.666666666668,9344.0,53782.4
1684296122.5502825,23577.6,10242.133333333333,53616.0
1684296122.6001916,23626.666666666668,11180.8,53164.8
1684296122.6502366,23593.6,12065.066666666668,53002.666666666664
1684296122.700271,23562.666666666668,12823.466666666667,52886.4
1684296122.7504413,23543.466666666667,13553.066666666668,52762.666666666664
1684296122.8002675,23462.4,14294.4,52652.8
1684296122.8502579,23435.733333333334,15075.2,52578.13333333333
1684296122.9003248,23404.8,15724.8,52450.13333333333
1684296122.9504538,23381.333333333332,16298.666666666666,52258.13333333333
1684296123.0005336,23360.0,16966.4,52151.46666666667
1684296123.0502577,23335.466666666667,17616.0,52034.13333333333
1684296123.1001976,23306.666666666668,18249.6,51928.53333333333
1684296123.1503167,23282.133333333335,18812.8,51768.53333333333
1684296123.2005165,23240.533333333333,19402.666666666668,51701.333333333336
1684296123.2503183,23213.866666666665,19566.933333333334,51613.86666666667
1684296123.300265,23248.0,19587.2,51345.066666666666
1684296123.3503897,23226.666666666668,19593.6,51228.8
1684296123.400236,23206.4,19558.4,51140.26666666667
1684296123.450463,23245.866666666665,19499.733333333334,51188.26666666667
1684296123.5002348,23173.333333333332,19427.2,51293.86666666667
1684296123.5503206,23153.066666666666,19393.066666666666,51160.53333333333
1684296123.6002057,23141.333333333332,19379.2,50982.4
1684296123.6502101,23070.933333333334,19366.4,50870.4
1684296123.700209,23064.533333333333,19386.666666666668,50746.666666666664
1684296123.7502801,23053.866666666665,19345.066666666666,50612.26666666667
1684296123.8002005,22794.666666666668,19298.133333333335,50535.46666666667
1684296123.8501728,22787.2,19258.666666666668,50285.86666666667
1684296123.9002068,22723.2,19233.066666666666,50279.46666666667
1684296123.9502907,22717.866666666665,19184.0,50094.933333333334
1684296124.000238,22827.733333333334,19253.333333333332,49808.0
1684296124.0501907,22822.4,19186.133333333335,49713.066666666666
1684296124.1002285,22861.866666666665,19218.133333333335,49476.26666666667
1684296124.1502712,22964.266666666666,19304.533333333333,49204.26666666667
1684296124.2002218,22910.933333333334,19168.0,49131.73333333333
1684296124.2503684,22904.533333333333,19174.4,49149.86666666667
1684296124.3002791,22900.266666666666,19132.8,49130.666666666664
1684296124.3502684,22843.733333333334,19106.133333333335,49293.86666666667
1684296124.4002187,22841.6,19092.266666666666,49339.73333333333
1684296124.450427,22897.066666666666,19174.4,49163.73333333333
1684296124.5002563,22898.133333333335,19160.533333333333,49126.4
1684296124.5502653,22894.933333333334,19193.6,49181.86666666667
1684296124.6002324,22888.533333333333,19194.666666666668,49197.86666666667
1684296124.6501987,22877.866666666665,19179.733333333334,49214.933333333334
1684296124.7001781,22931.2,19300.266666666666,49012.26666666667
1684296124.7506669,22929.066666666666,19285.333333333332,49015.46666666667
1684296124.8003478,22922.666666666668,19333.333333333332,49082.666666666664
1684296124.8502214,23082.666666666668,19381.333333333332,49031.46666666667
1684296124.90022,23027.2,19313.066666666666,49234.13333333333
1684296124.9503417,23025.066666666666,19318.4,49255.46666666667
1684296125.0002348,23031.466666666667,19324.8,49259.73333333333
1684296125.050192,23029.333333333332,19324.8,49250.13333333333
1684296125.100187,23027.2,19261.866666666665,49288.53333333333
1684296125.1502776,23027.2,19099.733333333334,49238.4
1684296125.2002354,23027.2,18481.066666666666,49227.73333333333
1684296125.2504041,23027.2,17822.933333333334,49237.333333333336
1684296125.3003075,23029.333333333332,17044.266666666666,49163.73333333333
1684296125.35026,22966.4,16267.733333333334,49278.933333333334
1684296125.400177,22962.133333333335,15434.666666666666,49163.73333333333
1684296125.4504106,22957.866666666665,14657.066666666668,48945.066666666666
1684296125.500471,23008.0,13745.066666666668,48935.46666666667
1684296125.5503285,23147.733333333334,12885.333333333334,48601.6
1684296125.60019,23025.066666666666,11965.866666666667,48791.46666666667
1684296125.6502223,23013.333333333332,11140.266666666666,48771.2
1684296125.7001832,23014.4,10620.8,48761.6
1684296125.750296,23058.133333333335,9864.533333333333,48710.4
1684296125.8001778,23116.8,9143.466666666667,48457.6
1684296125.8505287,23113.6,8334.933333333332,48460.8
1684296125.9003794,23112.533333333333,8359.466666666667,48462.933333333334
1684296125.950358,23117.866666666665,8423.466666666667,48478.933333333334
1684296126.0002966,23120.0,8498.133333333333,48510.933333333334
1684296126.050241,23124.266666666666,8648.533333333333,48482.13333333333
1684296126.1002028,23189.333333333332,8866.133333333333,48473.6
1684296126.150274,23201.066666666666,9109.333333333334,48478.933333333334
1684296126.200192,23218.133333333335,9416.533333333333,48444.8
1684296126.250228,23285.333333333332,10272.0,48237.86666666667
1684296126.3002172,23244.8,11200.0,48438.4
1684296126.350297,23257.6,12178.133333333333,48433.066666666666
1684296126.4001904,23270.4,13075.2,48405.333333333336
1684296126.4504442,23224.533333333333,13934.933333333332,48315.73333333333
1684296126.5006194,23251.2,14861.866666666667,48260.26666666667
1684296126.5512626,23267.2,15788.8,48219.73333333333
1684296126.5984077,23266.133333333335,16562.133333333335,48064.0
1684296126.6482089,23261.866666666665,17443.2,48044.8
1684296126.6981816,23257.6,18226.133333333335,47996.8
1684296126.7482297,23255.466666666667,19011.2,48048.0
1684296126.7981648,23253.333333333332,19745.066666666666,48144.0
1684296126.8481474,23252.266666666666,20334.933333333334,48309.333333333336
1684296126.8981397,23243.733333333334,20660.266666666666,48204.8
1684296126.948195,23182.933333333334,20621.866666666665,48366.933333333334
1684296126.9981563,23068.8,20499.2,48389.333333333336
1684296127.04837,23067.733333333334,20500.266666666666,48423.46666666667
1684296127.0988147,23012.266666666666,20439.466666666667,48593.066666666666
1684296127.148386,22899.2,20320.0,48753.066666666666
1684296127.1982274,22891.733333333334,20349.866666666665,48806.4
1684296127.248169,22892.8,20338.133333333335,48628.26666666667
1684296127.3002713,22947.2,20420.266666666666,48406.4
1684296127.3505387,22941.866666666665,20398.933333333334,48381.86666666667
1684296127.399846,22937.6,20412.8,48341.333333333336
1684296127.4500902,22873.6,20346.666666666668,48330.666666666664
1684296127.5002801,22917.333333333332,20349.866666666665,48375.46666666667
1684296127.55032,22914.133333333335,20331.733333333334,48362.666666666664
1684296127.6009214,22915.2,20316.8,48353.066666666666
1684296127.6504555,22917.333333333332,20376.533333333333,48365.86666666667
1684296127.699307,22920.533333333333,20269.866666666665,48565.333333333336
1684296127.749329,22951.466666666667,20330.666666666668,48580.26666666667
1684296127.8002443,22950.4,20296.533333333333,48548.26666666667
1684296127.8503366,22784.0,20242.133333333335,48644.26666666667
1684296127.9002354,22786.133333333335,20262.4,48669.86666666667
1684296127.9504454,22840.533333333333,20248.533333333333,48481.066666666666
1684296128.0002983,22839.466666666667,20235.733333333334,48427.73333333333
1684296128.050261,22849.066666666666,20226.133333333335,48430.933333333334
1684296128.1002614,22854.4,20254.933333333334,48385.066666666666
1684296128.1503096,22860.8,20179.2,48389.333333333336
1684296128.2002363,22918.4,20179.2,48381.86666666667
1684296128.2502053,22923.733333333334,20166.4,48311.46666666667
1684296128.3002675,22920.533333333333,20180.266666666666,48387.2
1684296128.350319,22984.533333333333,20167.466666666667,48382.933333333334
1684296128.4002116,22937.6,20152.533333333333,48587.73333333333
1684296128.450488,22950.4,20119.466666666667,48692.26666666667
1684296128.5002594,22897.066666666666,20173.866666666665,48734.933333333334
1684296128.5502582,22754.133333333335,20182.4,49009.066666666666
1684296128.600214,22765.866666666665,20161.066666666666,49074.13333333333
1684296128.6501586,22777.6,20107.733333333334,49052.8
1684296128.7002106,22785.066666666666,19856.0,48966.4
1684296128.7502365,22750.933333333334,19875.2,49051.73333333333
1684296128.800205,22709.333333333332,19909.333333333332,49309.86666666667
1684296128.8501577,22724.266666666666,20096.0,49336.53333333333
1684296128.9002926,22798.933333333334,19417.6,49321.6
1684296128.950274,22820.266666666666,18665.6,49229.86666666667
1684296129.0002115,22888.533333333333,18032.0,49150.933333333334
1684296129.0501995,23019.733333333334,17292.8,49120.0
1684296129.100239,22967.466666666667,16442.666666666668,49318.4
1684296129.150478,22976.0,15594.666666666666,49486.933333333334
1684296129.2003002,23043.2,14777.6,49490.13333333333
1684296129.2505846,23020.8,13840.0,49904.0
1684296129.3003027,22922.666666666668,12852.266666666666,50081.066666666666
1684296129.3502836,22560.0,11966.933333333332,50274.13333333333
1684296129.4002144,22197.333333333332,11090.133333333333,50528.0
1684296129.4504838,21835.733333333334,10296.533333333333,50788.26666666667
1684296129.500246,21460.266666666666,9382.4,51037.86666666667
1684296129.5502787,21092.266666666666,8489.6,51277.86666666667
1684296129.6001756,20737.066666666666,7708.8,51634.13333333333
1684296129.6502001,20382.933333333334,6855.466666666666,51849.6
1684296129.7002153,20026.666666666668,6066.133333333333,52120.53333333333
1684296129.7505076,19669.333333333332,5274.666666666667,52308.26666666667
1684296129.8003128,19315.2,4534.4,52420.26666666667
1684296129.8502426,18960.0,3911.4666666666667,52621.86666666667
1684296129.9001567,18611.2,3646.9333333333334,52925.86666666667
1684296129.9502833,18259.2,3632.0,53096.53333333333
1684296130.0001845,17900.8,3638.4,53505.066666666666
1684296130.0501926,17544.533333333333,3657.6,53673.6
1684296130.1001568,17188.266666666666,3724.8,53900.8
1684296130.150302,16833.066666666666,3764.266666666667,54133.333333333336
1684296130.2001786,16476.8,3764.266666666667,54265.6
1684296130.2501857,16120.533333333333,3836.8,54571.73333333333
1684296130.300201,15708.8,3782.4,54951.46666666667
1684296130.350291,15353.6,3816.5333333333333,55187.2
1684296130.4001894,14995.2,3809.0666666666666,55438.933333333334
1684296130.4504268,14648.533333333333,3808.0,55851.73333333333
1684296130.500306,14241.066666666668,3818.6666666666665,56005.333333333336
1684296130.5503132,13938.133333333333,3826.133333333333,56152.53333333333
1684296130.600194,13691.733333333334,3899.733333333333,56189.86666666667
1684296130.6501606,13386.666666666666,3832.5333333333333,56180.26666666667
1684296130.7001684,12974.933333333332,3846.4,56387.2
1684296130.750252,12586.666666666666,3798.4,56603.73333333333
1684296130.8002117,12232.533333333333,3812.266666666667,56826.666666666664
1684296130.850162,11877.333333333334,3819.733333333333,57016.53333333333
1684296130.9001815,11520.0,3832.5333333333333,57143.46666666667
1684296130.9502733,11109.333333333334,3866.6666666666665,57574.4
1684296131.0002146,10754.133333333333,3926.4,57805.86666666667
1684296131.0502355,10389.333333333334,3964.8,58019.2
1684296131.100217,10026.666666666666,3964.8,58258.13333333333
1684296131.150263,9667.2,4017.0666666666666,58460.8
1684296131.2002244,9254.4,4023.4666666666667,58702.933333333334
1684296131.250413,8892.8,4076.8,58940.8
1684296131.3002896,8539.733333333334,4076.8,59134.933333333334
1684296131.3502958,8123.733333333334,4070.4,59335.46666666667
1684296131.4002068,7761.066666666667,4122.666666666667,59575.46666666667
1684296131.4503992,7397.333333333333,4069.3333333333335,59853.86666666667
1684296131.5006895,7152.0,4021.3333333333335,60069.333333333336
1684296131.552243,6797.866666666667,4004.266666666667,60291.2
1684296131.5995975,6435.2,4012.8,60470.4
1684296131.6489012,6067.2,4029.866666666667,60711.46666666667
1684296131.6989112,5703.466666666666,4053.3333333333335,60933.333333333336
1684296131.7503238,5333.333333333333,4182.4,61121.066666666666
1684296131.800227,4962.133333333333,4183.466666666666,61283.2
1684296131.8501816,4595.2,4024.5333333333333,61422.933333333334
1684296131.9002678,4171.733333333334,4088.5333333333333,61564.8
1684296131.9502647,3849.6,4181.333333333333,61714.13333333333
1684296132.000215,3538.133333333333,4124.8,61700.26666666667
1684296132.0505135,3050.6666666666665,4124.8,61815.46666666667
1684296132.1002507,2742.4,4119.466666666666,61719.46666666667
1684296132.150284,2373.3333333333335,4173.866666666667,61764.26666666667
1684296132.2001867,1941.3333333333333,4094.9333333333334,61947.73333333333
1684296132.250211,1547.7333333333333,4011.733333333333,61926.4
1684296132.3002567,1337.6,4138.666666666667,61753.6
1684296132.3502562,1337.6,4038.4,61821.86666666667
1684296132.400178,1337.6,4066.133333333333,61787.73333333333
1684296132.4503882,1392.0,3993.6,61582.933333333334
1684296132.500219,1392.0,4001.0666666666666,61609.6
1684296132.5502796,1393.0666666666666,4000.0,61637.333333333336
1684296132.6009796,1393.0666666666666,4081.0666666666666,61659.73333333333
1684296132.649813,1393.0666666666666,4073.6,61672.53333333333
1684296132.6995273,1447.4666666666667,4073.6,61636.26666666667
1684296132.7503593,1447.4666666666667,4169.6,61660.8
1684296132.8002045,1447.4666666666667,4155.733333333334,61731.2
1684296132.850212,1447.4666666666667,4163.2,61718.4
1684296132.9001682,1448.5333333333333,4081.0666666666666,61661.86666666667
1684296132.9507318,1505.0666666666666,4088.5333333333333,61683.2
1684296133.0002563,1557.3333333333333,4181.333333333333,61476.26666666667
1684296133.0502994,1557.3333333333333,4168.533333333334,61496.53333333333
1684296133.100188,1557.3333333333333,4130.133333333333,61504.0
1684296133.1502995,1609.6,4183.466666666666,61309.86666666667
1684296133.2001982,1609.6,4254.933333333333,61326.933333333334
1684296133.250202,1610.6666666666667,4209.066666666667,61364.26666666667
1684296133.3002348,1610.6666666666667,4262.4,61412.26666666667
1684296133.350327,1611.7333333333333,4243.2,61362.13333333333
1684296133.4001915,1613.8666666666666,4398.933333333333,61358.933333333334
1684296133.4504843,1658.6666666666667,4409.6,61330.13333333333
1684296133.500445,1659.7333333333333,4408.533333333334,61411.2
1684296133.5507185,1607.4666666666667,4398.933333333333,61416.53333333333
1684296133.6000755,1496.5333333333333,4311.466666666666,61468.8
1684296133.6498897,1498.6666666666667,4398.933333333333,61661.86666666667
1684296133.6998208,1608.5333333333333,4439.466666666666,61659.73333333333
1684296133.7498662,1608.5333333333333,4492.8,61673.6
1684296133.8005111,1608.5333333333333,4478.933333333333,61637.333333333336
1684296133.8502157,1659.7333333333333,4578.133333333333,61649.066666666666
1684296133.9002194,1659.7333333333333,4571.733333333334,61712.0
1684296133.9502978,1659.7333333333333,4558.933333333333,61685.333333333336
1684296134.0002272,1659.7333333333333,4526.933333333333,61645.86666666667
1684296134.050165,1659.7333333333333,4512.0,61687.46666666667
1684296134.1001804,1660.8,4577.066666666667,61720.53333333333
1684296134.1502423,1657.6,4546.133333333333,61756.8
1684296134.2001848,1657.6,4539.733333333334,61763.2
1684296134.2503917,1657.6,4492.8,61724.8
1684296134.3002894,1654.4,4500.266666666666,61699.2
1684296134.3502686,1654.4,4506.666666666667,61764.26666666667
1684296134.4001784,1706.6666666666667,4445.866666666667,61557.333333333336
1684296134.4503698,1707.7333333333333,4444.8,61529.6
1684296134.5002453,1595.7333333333333,4444.8,61525.333333333336
1684296134.5502748,1645.8666666666666,4436.266666666666,61380.26666666667
1684296134.6001916,1645.8666666666666,4428.8,61387.73333333333
1684296134.65016,1645.8666666666666,4458.666666666667,61410.13333333333
1684296134.7001584,1645.8666666666666,4440.533333333334,61397.333333333336
1684296134.7503874,1645.8666666666666,4405.333333333333,61396.26666666667
1684296134.8003292,1645.8666666666666,4445.866666666667,61454.933333333334
1684296134.8502247,1645.8666666666666,4432.0,61494.4
1684296134.9002852,1646.9333333333334,4439.466666666666,61558.4
1684296134.9503117,1648.0,4428.8,61563.73333333333
1684296135.0001855,1536.0,4492.8,61847.46666666667
1684296135.0501904,1592.5333333333333,4473.6,61943.46666666667
1684296135.1001499,1619.2,4522.666666666667,61856.0
1684296135.1502829,1619.2,4449.066666666667,61833.6
1684296135.2001736,1671.4666666666667,4450.133333333333,61678.933333333334
1684296135.2501955,1781.3333333333333,4510.933333333333,61435.73333333333
1684296135.300187,1729.0666666666666,4364.8,61622.4
1684296135.3502986,1729.0666666666666,4384.0,61588.26666666667
1684296135.4001677,1732.2666666666667,4377.6,61586.13333333333
1684296135.450425,1677.8666666666666,4410.666666666667,61760.0
1684296135.5002055,1678.9333333333334,4402.133333333333,61731.2
1684296135.55032,1733.3333333333333,4497.066666666667,61486.933333333334
1684296135.6004038,1733.3333333333333,4450.133333333333,61490.13333333333
1684296135.6504295,1733.3333333333333,4509.866666666667,61510.4
1684296135.700263,1680.0,4517.333333333333,61570.13333333333
1684296135.7502625,1681.0666666666666,4441.6,61533.86666666667
1684296135.800176,1683.2,4493.866666666667,61498.666666666664
1684296135.8501573,1684.2666666666667,4474.666666666667,61510.4
1684296135.9001846,1683.2,4494.933333333333,61572.26666666667
1684296135.9502244,1630.9333333333334,4480.0,61573.333333333336
1684296136.0002003,1577.6,4361.6,61725.86666666667
1684296136.0501597,1577.6,4366.933333333333,61772.8
1684296136.1001816,1577.6,4364.8,61726.933333333334
1684296136.1502473,1524.2666666666667,4306.133333333333,61912.53333333333
1684296136.2001948,1524.2666666666667,4220.8,61944.53333333333
1684296136.2501569,1523.2,4280.533333333334,61945.6
1684296136.3002214,1524.2666666666667,4247.466666666666,61889.066666666666
1684296136.350233,1524.2666666666667,4266.666666666667,61930.666666666664
1684296136.4002242,1523.2,4179.2,61933.86666666667
1684296136.4503818,1472.0,4214.4,61904.0
1684296136.5002348,1472.0,4280.533333333334,61917.86666666667
1684296136.5502634,1529.6,4368.0,61754.666666666664
1684296136.6002066,1586.1333333333334,4456.533333333334,61696.0
1684296136.650164,1589.3333333333333,4440.533333333334,61428.26666666667
1684296136.700185,1480.5333333333333,4432.0,61257.6
1684296136.7502246,1481.6,4380.8,61243.73333333333
1684296136.800184,1482.6666666666667,4441.6,61086.933333333334
1684296136.8501556,1431.4666666666667,4344.533333333334,61073.066666666666
1684296136.9001706,1432.5333333333333,4330.666666666667,61050.666666666664
1684296136.9502268,1485.8666666666666,4333.866666666667,60856.53333333333
1684296137.000187,1486.9333333333334,4327.466666666666,60900.26666666667
1684296137.0510042,1598.9333333333334,4328.533333333334,60834.13333333333
1684296137.1002488,1651.2,4304.0,60597.333333333336
1684296137.150277,1651.2,4310.4,60580.26666666667
1684296137.2002146,1651.2,4308.266666666666,60621.86666666667
1684296137.2501516,1651.2,4328.533333333334,60654.933333333334
1684296137.3002243,1652.2666666666667,4320.0,60674.13333333333
1684296137.350248,1653.3333333333333,4324.266666666666,60664.53333333333
1684296137.4001875,1601.0666666666666,4359.466666666666,60840.53333333333
1684296137.4503884,1600.0,4359.466666666666,60866.13333333333
1684296137.5002167,1600.0,4379.733333333334,60861.86666666667
1684296137.5502598,1545.6,4358.4,60968.53333333333
1684296137.6001854,1545.6,4429.866666666667,61000.53333333333
1684296137.6501617,1600.0,4470.4,60803.2
1684296137.700192,1602.1333333333334,4537.6,60822.4
1684296137.7502403,1601.0666666666666,4457.6,60791.46666666667
1684296137.8002036,1655.4666666666667,4444.8,60764.8
1684296137.8501563,1656.5333333333333,4484.266666666666,60714.666666666664
1684296137.9003005,1655.4666666666667,4465.066666666667,60779.73333333333
1684296137.9507058,1600.0,4410.666666666667,60926.933333333334
1684296138.0002937,1601.0666666666666,4280.533333333334,60874.666666666664
1684296138.0501943,1544.5333333333333,4284.8,60969.6
1684296138.1001616,1559.4666666666667,4279.466666666666,61171.2
1684296138.1502733,1598.9333333333334,4314.666666666667,61173.333333333336
1684296138.2001617,1597.8666666666666,4308.266666666666,61280.0
1684296138.2501671,1488.0,4248.533333333334,61370.666666666664
1684296138.3001797,1489.0666666666666,4281.6,61363.2
1684296138.3502293,1493.3333333333333,4262.4,61414.4
1684296138.4001572,1491.2,4256.0,61424.0
1684296138.4503613,1491.2,4234.666666666667,61419.73333333333
1684296138.5002136,1543.4666666666667,4347.733333333334,61237.333333333336
1684296138.5502617,1488.0,4268.8,61459.2
1684296138.600163,1488.0,4253.866666666667,61484.8
1684296138.6501918,1488.0,4196.266666666666,61452.8
1684296138.7001574,1486.9333333333334,4188.8,61452.8
1684296138.7502751,1485.8666666666666,4234.666666666667,61497.6
1684296138.8001628,1483.7333333333333,4182.4,61541.333333333336
1684296138.850189,1482.6666666666667,4181.333333333333,61537.066666666666
1684296138.9001622,1483.7333333333333,4137.6,61520.0
1684296138.9502919,1480.5333333333333,4219.733333333334,61565.86666666667
1684296139.0001698,1480.5333333333333,4218.666666666667,61622.4
1684296139.0502367,1482.6666666666667,4188.8,61633.066666666666
1684296139.1001916,1483.7333333333333,4176.0,61614.933333333334
1684296139.150275,1483.7333333333333,4188.8,61627.73333333333
1684296139.2001579,1537.0666666666666,4281.6,61424.0
1684296139.2503662,1537.0666666666666,4298.666666666667,61446.4
1684296139.3002079,1536.0,4318.933333333333,61454.933333333334
1684296139.350379,1534.9333333333334,4297.6,61456.0
1684296139.4001818,1534.9333333333334,4269.866666666667,61406.933333333334
1684296139.4504223,1590.4,4244.266666666666,61425.066666666666
1684296139.5001805,1589.3333333333333,4328.533333333334,61425.066666666666
1684296139.55032,1531.7333333333333,4248.533333333334,61581.86666666667
1684296139.600172,1476.2666666666667,4241.066666666667,61789.86666666667
1684296139.650185,1475.2,4302.933333333333,61933.86666666667
1684296139.7001595,1529.6,4301.866666666667,61950.933333333334
1684296139.7504327,1526.4,4306.133333333333,61988.26666666667
1684296139.8003092,1524.2666666666667,4221.866666666667,62180.26666666667
1684296139.85023,1523.2,4233.6,62209.066666666666
1684296139.9001644,1575.4666666666667,4232.533333333334,61955.2
1684296139.950291,1522.1333333333334,4229.333333333333,62172.8
1684296140.0001807,1521.0666666666666,4220.8,62128.0
1684296140.050508,1409.0666666666666,4252.8,62194.13333333333
1684296140.1030164,1355.7333333333333,4238.933333333333,62380.8
1684296140.15064,1355.7333333333333,4224.0,62347.73333333333
1684296140.1997378,1409.0666666666666,4260.266666666666,62290.13333333333
1684296140.2495995,1409.0666666666666,4299.733333333334,62282.666666666664
1684296140.300269,1408.0,4365.866666666667,62325.333333333336
1684296140.3504586,1459.2,4368.0,62294.4
1684296140.4002035,1459.2,4354.133333333333,62299.73333333333
1684296140.45041,1459.2,4413.866666666667,62330.666666666664
1684296140.5002136,1459.2,4395.733333333334,62291.2
1684296140.550275,1459.2,4403.2,62345.6
1684296140.6002085,1461.3333333333333,4317.866666666667,62326.4
1684296140.6501782,1406.9333333333334,4251.733333333334,62473.6
1684296140.7001998,1404.8,4161.066666666667,62474.666666666664
1684296140.7502332,1459.2,4168.533333333334,62437.333333333336
1684296140.8002102,1404.8,4107.733333333334,62424.53333333333
1684296140.8501613,1403.7333333333333,4069.3333333333335,62460.8
1684296140.9002292,1458.1333333333334,4050.133333333333,62232.53333333333
1684296140.9502683,1457.0666666666666,4083.2,62265.6
1684296141.0002098,1456.0,4116.266666666666,62301.86666666667
1684296141.0502162,1456.0,4291.2,62301.86666666667
1684296141.1002092,1360.0,4291.2,62276.26666666667
1684296141.150237,1380.2666666666667,4341.333333333333,62200.53333333333
1684296141.2002013,1382.4,4438.4,62171.73333333333
1684296141.25015,1437.8666666666666,4498.133333333333,62220.8
1684296141.3002274,1451.7333333333333,4485.333333333333,62243.2
1684296141.3502603,1447.4666666666667,4518.4,62212.26666666667
1684296141.4001963,1447.4666666666667,4505.6,62181.333333333336
1684296141.4503832,1448.5333333333333,4539.733333333334,62230.4
1684296141.500223,1396.2666666666667,4414.933333333333,62432.0
1684296141.5502415,1396.2666666666667,4407.466666666666,62402.13333333333
1684296141.6002057,1450.6666666666667,4410.666666666667,62214.4
1684296141.650153,1450.6666666666667,4423.466666666666,62219.73333333333
1684296141.7001827,1450.6666666666667,4423.466666666666,62186.666666666664
1684296141.7502193,1504.0,4438.4,62007.46666666667
1684296141.8001971,1504.0,4458.666666666667,61994.666666666664
1684296141.8501608,1504.0,4510.933333333333,61992.53333333333
1684296141.9001582,1501.8666666666666,4554.666666666667,61984.0
1684296141.9502497,1501.8666666666666,4480.0,61932.8
1684296142.0002012,1502.9333333333334,4500.266666666666,61915.73333333333
1684296142.0504723,1550.9333333333334,4544.0,61868.8
1684296142.1003323,1549.8666666666666,4578.133333333333,61882.666666666664
1684296142.15041,1549.8666666666666,4570.666666666667,61881.6
1684296142.2002392,1496.5333333333333,4492.8,62020.26666666667
1684296142.2501712,1496.5333333333333,4474.666666666667,62003.2
1684296142.3001926,1499.7333333333333,4441.6,62011.73333333333
1684296142.3502421,1500.8,4476.8,61963.73333333333
1684296142.4001706,1500.8,4436.266666666666,61988.26666666667
1684296142.4503815,1446.4,4421.333333333333,62004.26666666667
1684296142.5001848,1446.4,4270.933333333333,61944.53333333333
1684296142.550242,1446.4,4330.666666666667,61982.933333333334
1684296142.6001682,1445.3333333333333,4398.933333333333,61982.933333333334
1684296142.6501627,1388.8,4293.333333333333,62075.73333333333
1684296142.7001534,1334.4,4313.6,62270.933333333334
1684296142.75022,1389.8666666666666,4370.133333333333,62069.333333333336
1684296142.800165,1445.3333333333333,4490.666666666667,61851.73333333333
1684296142.8501844,1451.7333333333333,4477.866666666667,61827.2
1684296142.9001613,1398.4,4480.0,62053.333333333336
1684296142.9505439,1399.4666666666667,4493.866666666667,62019.2
1684296143.0001965,1402.6666666666667,4493.866666666667,62062.933333333334
1684296143.0502453,1403.7333333333333,4475.733333333334,62055.46666666667
1684296143.1001623,1403.7333333333333,4448.0,62060.8
1684296143.150265,1456.0,4521.6,62081.066666666666
1684296143.2001657,1401.6,4493.866666666667,62121.6
1684296143.250145,1401.6,4501.333333333333,62138.666666666664
1684296143.3001766,1527.4666666666667,4498.133333333333,62103.46666666667
1684296143.350281,1475.2,4484.266666666666,62133.333333333336
1684296143.4001613,1475.2,4497.066666666667,62174.933333333334
1684296143.4503753,1527.4666666666667,4430.933333333333,62178.13333333333
1684296143.500208,1526.4,4428.8,62184.53333333333
1684296143.5502832,1526.4,4401.066666666667,62180.26666666667
1684296143.6001763,1523.2,4421.333333333333,62153.6
1684296143.6501544,1523.2,4412.8,62199.46666666667
1684296143.7001688,1526.4,4451.2,62173.86666666667
1684296143.7502275,1473.0666666666666,4437.333333333333,62176.0
1684296143.8001754,1472.0,4457.6,62196.26666666667
1684296143.8501465,1523.2,4478.933333333333,61984.0
1684296143.9001958,1469.8666666666666,4457.6,62162.13333333333
1684296143.950252,1469.8666666666666,4437.333333333333,62164.26666666667
1684296144.000199,1523.2,4477.866666666667,61959.46666666667
1684296144.0501568,1523.2,4309.333333333333,61895.46666666667
1684296144.1001682,1523.2,4268.8,61954.13333333333
1684296144.1502016,1515.7333333333333,4323.2,61993.6
1684296144.2001963,1459.2,4230.4,62041.6
1684296144.2503955,1408.0,4171.733333333334,62183.46666666667
1684296144.300238,1443.2,4262.4,62003.2
1684296144.3502324,1446.4,4211.2,61993.6
1684296144.400188,1445.3333333333333,4210.133333333333,61986.13333333333
1684296144.4503872,1498.6666666666667,4212.266666666666,61798.4
1684296144.5002322,1497.6,4245.333333333333,61810.13333333333
1684296144.5502481,1498.6666666666667,4236.8,61862.4
1684296144.6002018,1444.2666666666667,4241.066666666667,62057.6
1684296144.6501443,1444.2666666666667,4226.133333333333,62008.53333333333
1684296144.7001507,1497.6,4327.466666666666,61885.86666666667
1684296144.7504091,1444.2666666666667,4293.333333333333,62059.73333333333
1684296144.8003106,1443.2,4273.066666666667,62020.26666666667
1684296144.8501654,1497.6,4320.0,62000.0
1684296144.900176,1498.6666666666667,4300.8,62030.933333333334
1684296144.9502926,1497.6,4365.866666666667,62073.6
1684296145.0001657,1496.5333333333333,4359.466666666666,62105.6
1684296145.0501482,1445.3333333333333,4340.266666666666,62109.86666666667
1684296145.1001673,1445.3333333333333,4299.733333333334,62099.2
1684296145.1502192,1445.3333333333333,4300.8,62068.26666666667
1684296145.2001908,1445.3333333333333,4299.733333333334,62134.4
1684296145.2501926,1449.6,4203.733333333334,62130.13333333333
1684296145.3002098,1446.4,4210.133333333333,62104.53333333333
1684296145.3502142,1445.3333333333333,4169.6,62119.46666666667
1684296145.4001584,1497.6,4198.4,61921.066666666666
1684296145.4503407,1495.4666666666667,4192.0,61924.26666666667
1684296145.5002384,1495.4666666666667,4225.066666666667,61940.26666666667
1684296145.550294,1498.6666666666667,4157.866666666667,61888.0
1684296145.6001608,1498.6666666666667,4069.3333333333335,61838.933333333334
1684296145.6501734,1498.6666666666667,4083.2,61874.13333333333
1684296145.7002244,1552.0,4138.666666666667,61780.26666666667
1684296145.7502873,1496.5333333333333,4148.266666666666,61914.666666666664
1684296145.8001604,1441.0666666666666,4104.533333333334,62126.933333333334
1684296145.8501732,1490.1333333333334,4211.2,62096.0
1684296145.900149,1545.6,4258.133333333333,61953.066666666666
1684296145.9508765,1544.5333333333333,4251.733333333334,61995.73333333333
1684296145.9998493,1541.3333333333333,4259.2,61978.666666666664
1684296146.0498018,1595.7333333333333,4306.133333333333,61918.933333333334
1684296146.1001847,1598.9333333333334,4307.2,61947.73333333333
1684296146.1502783,1546.6666666666667,4211.2,61947.73333333333
1684296146.2001736,1546.6666666666667,4216.533333333334,61914.666666666664
1684296146.2501752,1547.7333333333333,4156.8,61909.333333333336
1684296146.3001776,1421.8666666666666,4115.2,61927.46666666667
1684296146.3502462,1420.8,4114.133333333333,61898.666666666664
1684296146.4001586,1474.1333333333334,4195.2,61851.73333333333
1684296146.4503915,1421.8666666666666,4221.866666666667,61837.86666666667
1684296146.5001779,1421.8666666666666,4268.8,61842.13333333333
1684296146.5502763,1475.2,4363.733333333334,61761.066666666666
1684296146.6001627,1476.2666666666667,4357.333333333333,61778.13333333333
1684296146.6504467,1475.2,4404.266666666666,61746.13333333333
1684296146.7118447,1472.0,4390.4,61822.933333333334
1684296146.7505949,1472.0,4438.4,61888.0
1684296146.7993164,1525.3333333333333,4419.2,61907.2
1684296146.8492239,1474.1333333333334,4403.2,61959.46666666667
1684296146.9002428,1473.0666666666666,4429.866666666667,61976.53333333333
1684296146.9504292,1473.0666666666666,4477.866666666667,61959.46666666667
1684296147.0002425,1418.6666666666667,4419.2,62103.46666666667
1684296147.050477,1474.1333333333334,4332.8,62099.2
1684296147.1002617,1476.2666666666667,4332.8,62053.333333333336
1684296147.1502779,1422.9333333333334,4264.533333333334,62130.13333333333
1684296147.2002113,1421.8666666666666,4278.4,62174.933333333334
1684296147.2501628,1470.9333333333334,4338.133333333333,62174.933333333334
1684296147.300455,1418.6666666666667,4279.466666666666,62341.333333333336
1684296147.35032,1468.8,4318.933333333333,62343.46666666667
1684296147.4002168,1522.1333333333334,4372.266666666666,62162.13333333333
1684296147.4503813,1467.7333333333333,4358.4,62342.4
1684296147.5002248,1475.2,4339.2,62346.666666666664
1684296147.5502465,1473.0666666666666,4373.333333333333,62346.666666666664
1684296147.6001973,1474.1333333333334,4380.8,62349.86666666667
1684296147.6501477,1475.2,4448.0,62387.2
1684296147.7001545,1420.8,4347.733333333334,62526.933333333334
1684296147.7502334,1420.8,4321.066666666667,62471.46666666667
1684296147.8002017,1467.7333333333333,4348.8,62477.86666666667
1684296147.850173,1412.2666666666667,4234.666666666667,62538.666666666664
1684296147.900149,1411.2,4233.6,62502.4
1684296147.9505827,1414.4,4148.266666666666,62461.86666666667
1684296148.0002358,1414.4,4149.333333333333,62427.73333333333
1684296148.0501726,1416.5333333333333,4147.2,62471.46666666667
1684296148.1001549,1416.5333333333333,4174.933333333333,62478.933333333334
1684296148.1502702,1415.4666666666667,4167.466666666666,62488.53333333333
1684296148.2001748,1418.6666666666667,4173.866666666667,62476.8
1684296148.250177,1413.3333333333333,4217.6,62487.46666666667
1684296148.3001785,1412.2666666666667,4203.733333333334,62524.8
1684296148.350249,1411.2,4231.466666666666,62508.8
1684296148.4001615,1358.9333333333334,4210.133333333333,62647.46666666667
1684296148.450455,1358.9333333333334,4316.8,62663.46666666667
1684296148.5001817,1361.0666666666666,4297.6,62665.6
1684296148.5502732,1356.8,4298.666666666667,62674.13333333333
1684296148.6001713,1355.7333333333333,4274.133333333333,62693.333333333336
1684296148.6501567,1408.0,4314.666666666667,62489.6
1684296148.7001965,1353.6,4247.466666666666,62583.46666666667
1684296148.7502835,1352.5333333333333,4227.2,62515.2
1684296148.8001683,1351.4666666666667,4228.266666666666,62504.53333333333
1684296148.8501341,1294.9333333333334,4121.6,62502.4
1684296148.9001582,1294.9333333333334,4126.933333333333,62573.86666666667
1684296148.9502225,1347.2,4180.266666666666,62333.86666666667
1684296149.0001557,1401.6,4147.2,62238.933333333334
1684296149.0501661,1347.2,4086.4,62261.333333333336
1684296149.1001377,1342.9333333333334,4072.5333333333333,62227.2
1684296149.15021,1342.9333333333334,4116.266666666666,62244.26666666667
1684296149.2001688,1347.2,4102.4,62291.2
1684296149.250331,1345.0666666666666,4135.466666666666,62267.73333333333
1684296149.3001835,1345.0666666666666,4115.2,62242.13333333333
1684296149.350374,1346.1333333333334,4155.733333333334,62286.933333333334
1684296149.4002347,1292.8,4082.133333333333,62300.8
1684296149.450364,1292.8,4061.866666666667,62283.73333333333
1684296149.500216,1293.8666666666666,4022.4,62247.46666666667
1684296149.550235,1240.5333333333333,3947.733333333333,62333.86666666667
1684296149.6001976,1240.5333333333333,4012.8,62371.2
1684296149.6501455,1241.6,4036.266666666667,62418.13333333333
1684296149.7001638,1240.5333333333333,4036.266666666667,62371.2
1684296149.7503781,1240.5333333333333,3963.733333333333,62296.53333333333
1684296149.800291,1188.2666666666667,4038.4,62125.86666666667
1684296149.850176,1187.2,4030.9333333333334,62259.2
1684296149.9002285,1187.2,3984.0,62274.13333333333
1684296149.9502606,1187.2,3922.133333333333,62209.066666666666
1684296150.0001838,1188.2666666666667,3955.2,62273.066666666666
1684296150.0501535,1134.9333333333334,4003.2,62273.066666666666
1684296150.1001465,1132.8,3991.4666666666667,62250.666666666664
1684296150.1502283,1133.8666666666666,3978.6666666666665,62213.333333333336
1684296150.2001505,1133.8666666666666,3957.3333333333335,62165.333333333336
1684296150.250169,1080.5333333333333,3943.4666666666667,62101.333333333336
1684296150.300176,1079.4666666666667,3924.266666666667,62122.666666666664
1684296150.3502076,1079.4666666666667,4024.5333333333333,61978.666666666664
1684296150.4001439,1025.0666666666666,4041.6,62154.666666666664
1684296150.450595,1026.1333333333334,4022.4,62140.8
1684296150.5002303,1072.0,4115.2,61928.53333333333
1684296150.5502636,1074.1333333333334,4069.3333333333335,61890.13333333333
1684296150.600149,1094.4,4071.4666666666667,61876.26666666667
1684296150.650163,1092.2666666666667,3979.733333333333,61848.53333333333
1684296150.7001414,1095.4666666666667,4000.0,61831.46666666667
1684296150.750355,1095.4666666666667,3998.9333333333334,61880.53333333333
1684296150.8001766,1050.6666666666667,3964.8,61901.86666666667
1684296150.850175,1051.7333333333333,3997.866666666667,61864.53333333333
1684296150.9001544,1053.8666666666666,4032.0,61865.6
1684296150.950294,1051.7333333333333,4078.9333333333334,61864.53333333333
1684296151.000168,1051.7333333333333,4062.9333333333334,61853.86666666667
1684296151.0502162,1104.0,4105.6,61600.0
1684296151.1001554,1105.0666666666666,4098.133333333333,61612.8
1684296151.1502671,1106.1333333333334,4164.266666666666,61664.0
1684296151.2001529,1102.9333333333334,4258.133333333333,61687.46666666667
1684296151.2501552,1104.0,4238.933333333333,61656.53333333333
1684296151.300162,1106.1333333333334,4284.8,61672.53333333333
1684296151.350265,1107.2,4264.533333333334,61672.53333333333
1684296151.400143,1107.2,4284.8,61718.4
1684296151.4505966,1107.2,4217.6,61496.53333333333
1684296151.5001836,1105.0666666666666,4211.2,61452.8
1684296151.5502565,1106.1333333333334,4211.2,61489.066666666666
1684296151.6001596,1107.2,4217.6,61449.6
1684296151.6501515,1054.9333333333334,4156.8,61610.666666666664
1684296151.7001595,1054.9333333333334,4096.0,61565.86666666667
1684296151.7502172,1058.1333333333334,4064.0,61641.6
1684296151.8001914,1059.2,4049.0666666666666,61578.666666666664
1684296151.8501382,1059.2,4068.266666666667,61610.666666666664
1684296151.9001582,1057.0666666666666,4131.2,61709.86666666667
1684296151.9501927,1004.8,4097.066666666667,61889.066666666666
1684296152.0001886,1004.8,4189.866666666667,61835.73333333333
1684296152.050149,1059.2,4276.266666666666,61708.8
1684296152.1004665,1060.2666666666667,4297.6,61717.333333333336
1684296152.1502903,1061.3333333333333,4277.333333333333,61730.13333333333
1684296152.200194,1057.0666666666666,4338.133333333333,61733.333333333336
1684296152.2501514,1059.2,4305.066666666667,61762.13333333333
1684296152.3001912,1060.2666666666667,4345.6,61797.333333333336
1684296152.350247,1060.2666666666667,4292.266666666666,61802.666666666664
1684296152.4001858,1060.2666666666667,4278.4,61776.0
1684296152.4505625,1060.2666666666667,4278.4,61799.46666666667
1684296152.5002139,1060.2666666666667,4284.8,61832.53333333333
1684296152.550235,1060.2666666666667,4284.8,61800.53333333333
1684296152.6001863,1114.6666666666667,4278.4,61556.26666666667
1684296152.6501563,1113.6,4229.333333333333,61542.4
1684296152.700136,1114.6666666666667,4228.266666666666,61589.333333333336
1684296152.750206,1114.6666666666667,4274.133333333333,61603.2
1684296152.8001492,1114.6666666666667,4198.4,61724.8
1684296152.8501706,1115.7333333333333,4205.866666666667,61729.066666666666
1684296152.9001884,1115.7333333333333,4302.933333333333,61725.86666666667
1684296152.9503956,1115.7333333333333,4302.933333333333,61746.13333333333
1684296153.0003479,1115.7333333333333,4276.266666666666,61733.333333333336
1684296153.05024,1113.6,4250.666666666667,61765.333333333336
1684296153.100159,1113.6,4322.133333333333,61799.46666666667
1684296153.150282,1112.5333333333333,4282.666666666667,61824.0
1684296153.2004385,1170.1333333333334,4376.533333333334,61655.46666666667
1684296153.2506022,1222.4,4323.2,61687.46666666667
1684296153.3001692,1223.4666666666667,4315.733333333334,61633.066666666666
1684296153.3501108,1226.6666666666667,4194.133333333333,61762.13333333333
1684296153.3995237,1226.6666666666667,4104.533333333334,61799.46666666667
1684296153.4498134,1225.6,4103.466666666666,61757.86666666667
1684296153.5004368,1172.2666666666667,4003.2,61942.4
1684296153.5503306,1174.4,4029.866666666667,61953.066666666666
1684296153.6001894,1262.9333333333334,4072.5333333333333,61766.4
1684296153.6501517,1317.3333333333333,4120.533333333334,61648.0
1684296153.7001753,1318.4,4100.266666666666,61681.066666666666
1684296153.7502408,1318.4,4189.866666666667,61692.8
1684296153.800172,1318.4,4216.533333333334,61692.8
1684296153.8501625,1319.4666666666667,4196.266666666666,61731.2
1684296153.9001744,1318.4,4176.0,61737.6
1684296153.950232,1318.4,4148.266666666666,61722.666666666664
1684296154.000184,1322.6666666666667,4220.8,61747.2
1684296154.0501475,1269.3333333333333,4186.666666666667,61976.53333333333
1684296154.1001782,1268.2666666666667,4172.8,61990.4
1684296154.1502032,1268.2666666666667,4107.733333333334,61860.26666666667
1684296154.2001927,1268.2666666666667,4008.5333333333333,61844.26666666667
1684296154.2503335,1268.2666666666667,4013.866666666667,61868.8
1684296154.3002238,1319.4666666666667,3956.266666666667,61678.933333333334
1684296154.3502338,1319.4666666666667,3955.2,61678.933333333334
1684296154.4002085,1319.4666666666667,3911.4666666666667,61684.26666666667
1684296154.4505827,1319.4666666666667,3884.8,61718.4
1684296154.500232,1319.4666666666667,3877.3333333333335,61752.53333333333
1684296154.5502293,1319.4666666666667,3876.266666666667,61773.86666666667
1684296154.6001933,1319.4666666666667,3861.3333333333335,61762.13333333333
1684296154.650137,1319.4666666666667,3908.266666666667,61813.333333333336
1684296154.7001894,1322.6666666666667,3941.3333333333335,61833.6
1684296154.750395,1320.5333333333333,4042.6666666666665,61778.13333333333
1684296154.8002975,1320.5333333333333,4096.0,61834.666666666664
1684296154.850165,1320.5333333333333,4077.866666666667,61644.8
1684296154.9001882,1267.2,4027.733333333333,61681.066666666666
1684296154.9502227,1267.2,4066.133333333333,61738.666666666664
1684296155.0001874,1322.6666666666667,4120.533333333334,61737.6
1684296155.0501466,1267.2,4033.0666666666666,61835.73333333333
1684296155.1001537,1322.6666666666667,4084.266666666667,61778.13333333333
1684296155.150225,1429.3333333333333,4166.4,61536.0
1684296155.200193,1444.2666666666667,4084.266666666667,61482.666666666664
1684296155.2502086,1448.5333333333333,4097.066666666667,61513.6
1684296155.3001924,1447.4666666666667,4056.5333333333333,61482.666666666664
1684296155.350463,1447.4666666666667,4098.133333333333,61441.066666666666
1684296155.4002633,1447.4666666666667,4090.6666666666665,61490.13333333333
1684296155.4504645,1447.4666666666667,4123.733333333334,61326.933333333334
1684296155.5002131,1446.4,4109.866666666667,61302.4
1684296155.5502522,1448.5333333333333,4150.4,61358.933333333334
1684296155.6001883,1394.1333333333334,4112.0,61585.066666666666
1684296155.6501503,1394.1333333333334,4090.6666666666665,61580.8
1684296155.7002282,1448.5333333333333,4157.866666666667,61470.933333333334
1684296155.7502377,1448.5333333333333,4137.6,61488.0
1684296155.8001845,1448.5333333333333,4202.666666666667,61537.066666666666
1684296155.8501484,1448.5333333333333,4264.533333333334,61573.333333333336
1684296155.900221,1448.5333333333333,4188.8,61556.26666666667
1684296155.9502254,1448.5333333333333,4201.6,61590.4
1684296156.0001616,1448.5333333333333,4202.666666666667,61612.8
1684296156.0501852,1448.5333333333333,4201.6,61604.26666666667
1684296156.100145,1449.6,4105.6,61619.2
1684296156.150251,1449.6,4187.733333333334,61610.666666666664
1684296156.2001657,1393.0666666666666,4108.8,61794.13333333333
1684296156.2501676,1342.9333333333334,4135.466666666666,61789.86666666667
1684296156.3001585,1342.9333333333334,4130.133333333333,61785.6
1684296156.3502333,1286.4,4163.2,61788.8
1684296156.400177,1339.7333333333333,4201.6,61735.46666666667
1684296156.4503832,1339.7333333333333,4261.333333333333,61777.066666666666
1684296156.5003314,1395.2,4333.866666666667,61593.6
1684296156.5502648,1603.2,4371.2,61389.86666666667
1684296156.6001754,1493.3333333333333,4372.266666666666,61543.46666666667
1684296156.6501443,1438.9333333333334,4407.466666666666,61696.0
1684296156.7001565,1492.2666666666667,4562.133333333333,61587.2
1684296156.750211,1545.6,4475.733333333334,61536.0
1684296156.800158,1601.0666666666666,4464.0,61543.46666666667
1684296156.8501458,1598.9333333333334,4478.933333333333,61556.26666666667
1684296156.900167,1600.0,4480.0,61547.73333333333
1684296156.9502063,1601.0666666666666,4481.066666666667,61592.53333333333
1684296157.000178,1596.8,4395.733333333334,61585.066666666666
1684296157.0504007,1596.8,4402.133333333333,61541.333333333336
1684296157.1002097,1598.9333333333334,4401.066666666667,61577.6
1684296157.1502194,1598.9333333333334,4420.266666666666,61667.2
1684296157.2002084,1597.8666666666666,4419.2,61658.666666666664
1684296157.2501433,1652.2666666666667,4519.466666666666,61440.0
1684296157.3002021,1600.0,4551.466666666666,61636.26666666667
1684296157.3501947,1600.0,4579.2,61649.066666666666
1684296157.4001644,1654.4,4669.866666666667,61559.46666666667
1684296157.450206,1653.3333333333333,4657.066666666667,61737.6
1684296157.500381,1652.2666666666667,4710.4,61733.333333333336
1684296157.5502272,1706.6666666666667,4778.666666666667,61589.333333333336
1684296157.600182,1706.6666666666667,4838.4,61609.6
1684296157.6501448,1707.7333333333333,4792.533333333334,61610.666666666664
1684296157.7001498,1704.5333333333333,4773.333333333333,61555.2
1684296157.7502022,1704.5333333333333,4659.2,61637.333333333336
1684296157.8001542,1705.6,4552.533333333334,61657.6
1684296157.8501751,1705.6,4550.4,61811.2
1684296157.9001317,1705.6,4457.6,61781.333333333336
1684296157.9502504,1706.6666666666667,4405.333333333333,61762.13333333333
1684296158.000926,1604.2666666666667,4283.733333333334,61961.6
1684296158.0504797,1607.4666666666667,4306.133333333333,61998.933333333334
1684296158.0998096,1606.4,4248.533333333334,62049.066666666666
1684296158.14991,1498.6666666666667,4180.266666666666,62234.666666666664
1684296158.2001858,1539.2,4274.133333333333,62096.0
1684296158.2501957,1644.8,4320.0,61835.73333333333
1684296158.3001823,1698.1333333333334,4342.4,61787.73333333333
1684296158.3502297,1700.2666666666667,4314.666666666667,61829.333333333336
1684296158.4001515,1700.2666666666667,4388.266666666666,61782.4
1684296158.4501636,1702.4,4370.133333333333,61969.066666666666
1684296158.5003657,1703.4666666666667,4369.066666666667,62001.066666666666
1684296158.550293,1702.4,4337.066666666667,62001.066666666666
1684296158.6001577,1702.4,4316.8,61966.933333333334
1684296158.650162,1707.7333333333333,4358.4,61974.4
1684296158.700155,1654.4,4277.333333333333,62064.0
1684296158.7502232,1654.4,4277.333333333333,62059.73333333333
1684296158.800163,1705.6,4206.933333333333,61811.2
1684296158.8501356,1705.6,4152.533333333334,61794.13333333333
1684296158.900196,1705.6,4151.466666666666,61830.4
1684296158.9502199,1758.9333333333334,4121.6,61744.0
1684296159.0001833,1758.9333333333334,4113.066666666667,61699.2
1684296159.050195,1760.0,4105.6,61709.86666666667
1684296159.1001658,1758.9333333333334,4211.2,61717.333333333336
1684296159.1501799,1758.9333333333334,4128.0,61699.2
1684296159.200182,1758.9333333333334,4134.4,61689.6
1684296159.2503352,1810.1333333333334,4174.933333333333,61490.13333333333
1684296159.3002362,1811.2,4227.2,61507.2
1684296159.3502078,1813.3333333333333,4208.0,61532.8
1684296159.4001865,1760.0,4186.666666666667,61552.0
1684296159.4501324,1760.0,4133.333333333333,61506.13333333333
1684296159.5003695,1705.6,4067.2,61684.26666666667
1684296159.5502295,1494.4,4123.733333333334,61891.2
1684296159.6001813,1494.4,4064.0,61959.46666666667
1684296159.6501315,1549.8666666666666,4126.933333333333,61804.8
1684296159.7001667,1493.3333333333333,3947.733333333333,61841.066666666666
1684296159.7503815,1444.2666666666667,3959.4666666666667,61880.53333333333
1684296159.8004913,1388.8,3949.866666666667,61897.6
1684296159.8504488,1389.8666666666666,3915.733333333333,61904.0
1684296159.900566,1387.7333333333333,3900.8,61875.2
1684296159.9497085,1386.6666666666667,3928.5333333333333,61861.333333333336
1684296159.9994695,1442.1333333333334,3969.0666666666666,61877.333333333336
1684296160.0495474,1554.1333333333334,3956.266666666667,61889.066666666666
1684296160.100426,1606.4,4001.0666666666666,61697.066666666666
1684296160.1502824,1606.4,3981.866666666667,61665.066666666666
1684296160.2001681,1614.9333333333334,4022.4,61656.53333333333
1684296160.250175,1561.6,3929.6,61872.0
1684296160.3001957,1562.6666666666667,3909.3333333333335,61867.73333333333
1684296160.350265,1565.8666666666666,3954.133333333333,61838.933333333334
1684296160.4001567,1511.4666666666667,3895.4666666666667,61961.6
1684296160.4501693,1513.6,3947.733333333333,61976.53333333333
1684296160.500341,1516.8,3880.5333333333333,62002.13333333333
1684296160.5502694,1463.4666666666667,3826.133333333333,62130.13333333333
1684296160.6001594,1464.5333333333333,3747.2,62115.2
1684296160.650185,1464.5333333333333,3929.6,62129.066666666666
1684296160.7001388,1464.5333333333333,3923.2,62163.2
1684296160.7501903,1465.6,3916.8,62184.53333333333
1684296160.8001595,1464.5333333333333,3950.9333333333334,62126.933333333334
1684296160.8501668,1464.5333333333333,3991.4666666666667,62138.666666666664
1684296160.9001267,1552.0,4041.6,61965.86666666667
1684296160.9503884,1550.9333333333334,4151.466666666666,61942.4
1684296161.0001621,1543.4666666666667,4190.933333333333,61913.6
1684296161.0502253,1594.6666666666667,4169.6,61870.933333333334
1684296161.100151,1540.2666666666667,4235.733333333334,61886.933333333334
1684296161.150272,1540.2666666666667,4454.4,61943.46666666667
1684296161.2001493,1539.2,4443.733333333334,62025.6
1684296161.2501626,1429.3333333333333,4423.466666666666,62224.0
1684296161.3001835,1376.0,4461.866666666667,62279.46666666667
1684296161.350299,1484.8,4522.666666666667,61997.86666666667
1684296161.4001815,1540.2666666666667,4483.2,61836.8
1684296161.45085,1538.1333333333334,4482.133333333333,61814.4
1684296161.5000792,1592.5333333333333,4544.0,61632.0
1684296161.5499215,1595.7333333333333,4602.666666666667,61622.4
1684296161.599499,1707.7333333333333,4601.6,61620.26666666667
1684296161.6494374,1758.9333333333334,4567.466666666666,61627.73333333333
1684296161.700179,1757.8666666666666,4600.533333333334,61594.666666666664
1684296161.7502363,1758.9333333333334,4640.0,61610.666666666664
1684296161.800171,1707.7333333333333,4665.6,61849.6
1684296161.8502913,1708.8,4651.733333333334,61835.73333333333
1684296161.9002213,1760.0,4700.8,61713.066666666666
1684296161.9504218,1707.7333333333333,4786.133333333333,61836.8
1684296162.0002582,1707.7333333333333,4833.066666666667,61838.933333333334
1684296162.050965,1707.7333333333333,4842.666666666667,61858.13333333333
1684296162.100345,1708.8,4761.6,61814.4
1684296162.1503155,1708.8,4809.6,61822.933333333334
1684296162.2002134,1708.8,4841.6,61827.2
1684296162.2506824,1656.5333333333333,4781.866666666667,61834.666666666664
1684296162.3003037,1656.5333333333333,4705.066666666667,61856.0
1684296162.350498,1655.4666666666667,4704.0,61846.4
1684296162.4001992,1655.4666666666667,4705.066666666667,61888.0
1684296162.4501643,1655.4666666666667,4712.533333333334,61897.6
1684296162.5004234,1655.4666666666667,4834.133333333333,61752.53333333333
1684296162.5502791,1656.5333333333333,4746.666666666667,61774.933333333334
1684296162.6002162,1660.8,4765.866666666667,61718.4
1684296162.6501641,1607.4666666666667,4646.4,61863.46666666667
1684296162.700138,1608.5333333333333,4683.733333333334,61868.8
1684296162.750469,1658.6666666666667,4669.866666666667,61880.53333333333
1684296162.8001864,1658.6666666666667,4692.266666666666,61820.8
1684296162.8501623,1659.7333333333333,4780.8,61820.8
1684296162.9001443,1661.8666666666666,4834.133333333333,61864.53333333333
1684296162.950296,1718.4,4814.933333333333,61873.066666666666
1684296163.0003812,1664.0,4789.333333333333,61884.8
1684296163.0502453,1553.0666666666666,4908.8,61930.666666666664
1684296163.1001573,1499.7333333333333,4866.133333333333,62077.86666666667
1684296163.1505053,1504.0,4885.333333333333,62094.933333333334
1684296163.2002053,1497.6,4832.0,62114.13333333333
1684296163.2501886,1496.5333333333333,4824.533333333334,62080.0
1684296163.3001826,1502.9333333333334,4824.533333333334,62108.8
1684296163.350334,1500.8,4802.133333333333,62193.066666666666
1684296163.4001868,1500.8,4793.6,62155.73333333333
1684296163.4502025,1550.9333333333334,4749.866666666667,61923.2
1684296163.5003605,1549.8666666666666,4784.0,61904.0
1684296163.5504982,1549.8666666666666,4770.133333333333,61894.4
1684296163.6001728,1549.8666666666666,4809.6,61914.666666666664
1684296163.6501443,1548.8,4626.133333333333,61920.0
1684296163.7001522,1549.8666666666666,4632.533333333334,61942.4
1684296163.7502558,1549.8666666666666,4712.533333333334,61795.2
1684296163.800177,1550.9333333333334,4691.2,61817.6
1684296163.8501647,1550.9333333333334,4664.533333333334,61815.46666666667
1684296163.9001465,1463.4666666666667,4635.733333333334,61954.13333333333
1684296163.9505496,1463.4666666666667,4638.933333333333,61794.13333333333
1684296164.0001736,1465.6,4608.0,61798.4
1684296164.0501685,1412.2666666666667,4608.0,61824.0
1684296164.1001346,1412.2666666666667,4541.866666666667,61841.066666666666
1684296164.1502292,1466.6666666666667,4315.733333333334,61800.53333333333
1684296164.2001774,1413.3333333333333,4256.0,61853.86666666667
1684296164.2504,1466.6666666666667,4216.533333333334,61870.933333333334
1684296164.3003986,1523.2,4156.8,61868.8
1684296164.350716,1413.3333333333333,4069.3333333333335,62125.86666666667
1684296164.4002202,1413.3333333333333,4102.4,62156.8
1684296164.4501498,1469.8666666666666,4211.2,62096.0
1684296164.5003738,1416.5333333333333,4142.933333333333,62308.26666666667
1684296164.5502815,1465.6,4076.8,62291.2
1684296164.6002033,1354.6666666666667,4123.733333333334,62347.73333333333
1684296164.650144,1301.3333333333333,4138.666666666667,62321.066666666666
1684296164.7001433,1302.4,4119.466666666666,62343.46666666667
1684296164.7507885,1301.3333333333333,4132.266666666666,62310.4
1684296164.8003416,1301.3333333333333,4112.0,62275.2
1684296164.8501823,1354.6666666666667,4184.533333333334,62277.333333333336
1684296164.9002173,1303.4666666666667,4142.933333333333,62377.6
1684296164.9502287,1302.4,4074.6666666666665,62371.2
1684296165.0002851,1302.4,4028.8,62350.933333333334
1684296165.0501466,1301.3333333333333,4033.0666666666666,62365.86666666667
1684296165.1001594,1300.2666666666667,4044.8,62421.333333333336
1684296165.150125,1300.2666666666667,4033.0666666666666,62468.26666666667
1684296165.20031,1300.2666666666667,3993.6,62493.86666666667
1684296165.25015,1299.2,3973.3333333333335,62654.933333333334
1684296165.300194,1298.1333333333334,4017.0666666666666,62674.13333333333
1684296165.3501518,1297.0666666666666,4003.2,62666.666666666664
1684296165.4003131,1297.0666666666666,4023.4666666666667,62676.26666666667
1684296165.450144,1297.0666666666666,4008.5333333333333,62653.86666666667
1684296165.5003529,1296.0,3926.4,62787.2
1684296165.550172,1298.1333333333334,3932.8,62746.666666666664
1684296165.6002896,1293.8666666666666,3913.6,62736.0
1684296165.6501474,1292.8,3950.9333333333334,62759.46666666667
1684296165.7001693,1291.7333333333333,3940.266666666667,62759.46666666667
1684296165.7501311,1237.3333333333333,4007.4666666666667,62727.46666666667
1684296165.8002908,1236.2666666666667,4045.866666666667,62787.2
1684296165.85016,1289.6,4044.8,62736.0
1684296165.9001608,1288.5333333333333,4030.9333333333334,62699.73333333333
1684296165.9502192,1233.0666666666666,4089.6,62685.86666666667
1684296166.0003264,1341.8666666666666,4094.9333333333334,62404.26666666667
1684296166.050144,1397.3333333333333,4003.2,62281.6
1684296166.1001718,1450.6666666666667,4019.2,62092.8
1684296166.1503892,1446.4,4006.4,62130.13333333333
1684296166.200387,1445.3333333333333,4039.4666666666667,62144.0
1684296166.2501743,1449.6,4034.133333333333,62160.0
1684296166.3001933,1444.2666666666667,4073.6,62144.0
1684296166.3501668,1443.2,4043.733333333333,62101.333333333336
1684296166.400499,1443.2,4097.066666666667,62088.53333333333
1684296166.4549487,1396.2666666666667,4102.4,62288.0
1684296166.5004425,1395.2,4083.2,62285.86666666667
1684296166.5492818,1396.2666666666667,4150.4,62316.8
1684296166.599368,1395.2,4183.466666666666,62331.73333333333
1684296166.6501763,1395.2,4203.733333333334,62331.73333333333
1684296166.7004325,1397.3333333333333,4197.333333333333,62346.666666666664
1684296166.7501862,1396.2666666666667,4123.733333333334,62485.333333333336
1684296166.8002782,1395.2,4131.2,62504.53333333333
1684296166.850155,1395.2,4124.8,62509.86666666667
1684296166.9001775,1395.2,4123.733333333334,62522.666666666664
1684296166.950148,1398.4,3982.9333333333334,62715.73333333333
1684296167.00023,1396.2666666666667,3988.266666666667,62673.066666666666
1684296167.0504618,1395.2,3987.2,62725.333333333336
1684296167.1002533,1395.2,4007.4666666666667,62684.8
1684296167.150162,1340.8,4001.0666666666666,62685.86666666667
1684296167.2002578,1339.7333333333333,4059.733333333333,62709.333333333336
1684296167.2501402,1339.7333333333333,4140.8,62530.13333333333
1684296167.3001666,1283.2,4180.266666666666,62493.86666666667
1684296167.350169,1282.1333333333334,4220.8,62502.4
1684296167.4002137,1280.0,4214.4,62504.53333333333
1684296167.450188,1223.4666666666667,4137.6,62542.933333333334
1684296167.5003445,1277.8666666666666,4154.666666666667,62358.4
1684296167.5501924,1224.5333333333333,4265.6,62359.46666666667
1684296167.6002264,1280.0,4273.066666666667,62144.0
1684296167.6501338,1334.4,4304.0,61994.666666666664
1684296167.70014,1333.3333333333333,4317.866666666667,61803.73333333333
1684296167.7501333,1388.8,4302.933333333333,61664.0
1684296167.8001833,1390.9333333333334,4302.933333333333,61691.73333333333
1684296167.8501706,1337.6,4210.133333333333,61704.53333333333
1684296167.9001796,1337.6,4215.466666666666,61675.73333333333
1684296167.9501426,1392.0,4219.733333333334,61578.666666666664
1684296168.0004401,1392.0,4233.6,61600.0
1684296168.0502381,1392.0,4227.2,61600.0
1684296168.1001558,1445.3333333333333,4296.533333333334,61417.6
1684296168.1502085,1445.3333333333333,4281.6,61400.53333333333
1684296168.2002242,1445.3333333333333,4267.733333333334,61421.86666666667
1684296168.2501402,1445.3333333333333,4301.866666666667,61447.46666666667
1684296168.3001797,1445.3333333333333,4282.666666666667,61438.933333333334
1684296168.3501508,1446.4,4343.466666666666,61453.86666666667
1684296168.4002378,1446.4,4391.466666666666,61454.933333333334
1684296168.450185,1446.4,4391.466666666666,61473.066666666666
1684296168.5004036,1446.4,4359.466666666666,61493.333333333336
1684296168.5501466,1443.2,4333.866666666667,61460.26666666667
1684296168.6002405,1443.2,4361.6,61502.933333333334
1684296168.6501489,1446.4,4308.266666666666,61474.13333333333
1684296168.7001634,1446.4,4306.133333333333,61473.066666666666
1684296168.750116,1446.4,4225.066666666667,61485.86666666667
1684296168.8002212,1497.6,4179.2,61428.26666666667
1684296168.8501363,1443.2,4112.0,61433.6
1684296168.9001467,1443.2,4071.4666666666667,61463.46666666667
1684296168.950142,1442.1333333333334,4005.3333333333335,61436.8
1684296169.0002432,1332.2666666666667,4005.3333333333335,61650.13333333333
1684296169.0501537,1275.7333333333333,3995.733333333333,61783.46666666667
1684296169.1001468,1221.3333333333333,3978.6666666666665,62001.066666666666
1684296169.150121,1221.3333333333333,4045.866666666667,61988.26666666667
1684296169.200202,1275.7333333333333,4077.866666666667,61796.26666666667
1684296169.2503037,1271.4666666666667,4203.733333333334,61818.666666666664
1684296169.3002584,1272.5333333333333,4179.2,61793.066666666666
1684296169.3501608,1277.8666666666666,4161.066666666667,61789.86666666667
1684296169.4002047,1282.1333333333334,4115.2,61806.933333333334
1684296169.4501574,1277.8666666666666,4102.4,61792.0
1684296169.5003538,1278.9333333333334,4139.733333333334,61843.2
1684296169.5501766,1276.8,4072.5333333333333,61840.0
1684296169.6002145,1276.8,4025.6,61880.53333333333
1684296169.6501377,1276.8,3992.5333333333333,61779.2
1684296169.7001405,1273.6,4006.4,61779.2
1684296169.7504277,1273.6,3997.866666666667,61757.86666666667
1684296169.8003242,1326.9333333333334,3968.0,61745.066666666666
1684296169.8501923,1326.9333333333334,3960.5333333333333,61734.4
1684296169.9001303,1326.9333333333334,3968.0,61766.4
1684296169.95017,1323.7333333333333,4009.6,61734.4
1684296170.000237,1323.7333333333333,3995.733333333333,61740.8
1684296170.0501254,1324.8,4042.6666666666665,61710.933333333334
1684296170.1001608,1324.8,4020.266666666667,61689.6
1684296170.1501222,1324.8,4066.133333333333,61723.73333333333
1684296170.2004611,1324.8,4025.6,61756.8
1684296170.2502031,1270.4,3945.6,61934.933333333334
1684296170.3001904,1270.4,3977.6,61934.933333333334
1684296170.3501663,1270.4,4025.6,61736.53333333333
1684296170.4002366,1217.0666666666666,4012.8,61872.0
1684296170.4501443,1217.0666666666666,3953.0666666666666,61911.46666666667
1684296170.5003824,1218.1333333333334,3962.6666666666665,62022.4
1684296170.5501373,1218.1333333333334,3827.2,61972.26666666667
1684296170.6002414,1161.6,3846.4,62187.73333333333
1684296170.6501362,1104.0,3794.133333333333,62359.46666666667
1684296170.7001562,1104.0,3846.4,62576.0
1684296170.7501454,1105.0666666666666,3886.9333333333334,62624.0
1684296170.8002138,1104.0,3927.4666666666667,62414.933333333334
1684296170.8501208,1157.3333333333333,4021.3333333333335,62288.0
1684296170.900216,1211.7333333333333,4008.5333333333333,62296.53333333333
1684296170.950153,1212.8,4039.4666666666667,62345.6
1684296171.000225,1212.8,4025.6,62317.86666666667
1684296171.0501983,1265.0666666666666,4102.4,62179.2
1684296171.1001422,1216.0,4028.8,62340.26666666667
1684296171.150156,1216.0,4008.5333333333333,62357.333333333336
1684296171.2001922,1269.3333333333333,4121.6,62140.8
1684296171.2501621,1270.4,4114.133333333333,62157.86666666667
