11586
11426
10978
11538
11746
11634
11474
12002
11922
11666
12002
12643
11746
12451
10466
12162
11010
11458
11282
11826
11970
11746
11906
11442
11618
11906
11570
11250
12723
11362
40137
45451
42330
44042
45675
43802
42474
43418
42826
42154
41706
41994
41882
41882
42090
42474
42042
42266
42250
42378
42266
42330
42170
42426
42378
43674
44634
43930
41882
43098
39593
11138
10402
11970
11810
12162
11058
12291
11714
12050
11506
11474
11298
11426
11842
12066
11170
11058
12995
11474
11730
11730
11282
10530
10642
11874
11970
11906
11538
11986
11490
11954
12307
11554
11474
11474
12258
12274
11282
11602
16227
42602
46603
43658
42538
45563
46315
45851
46747
47563
46971
46315
45979
46091
46747
45723
45915
46347
46251
45915
46795
46251
46043
46763
46107
46187
46155
46299
46171
46251
46347
46059
46011
46283
46475
46379
46363
46107
45979
45803
46363
46123
46315
46059
45851
46171
46459
46107
46219
46171
46123
46283
46251
46267
46283
46187
46299
46315
46667
46395
46427
46987
46571
46347
47659
45083
31303
12563
12034
11922
11586
11682
12066
12467
11410
11458
11426
11842
12130
11842
11586
10690
11586
11730
12210
11954
11842
11250
11842
11682
11458
12082
11666
12082
11298
10626
11906
12274
11394
11698
11906
12146
11170
11650
11954
11954
11730
11810
11986
12178
12707
12563
11906
12323
12435
11650
11474
11474
23749
41306
41562
43674
45067
45050
46683
47883
48283
47691
47835
48091
47451
46795
46555
46107
46395
46619
46571
46651
46667
46315
47131
46475
46667
47179
46843
46747
46555
46363
46491
47691
46779
47883
47771
46731
46539
47835
47899
47499
46603
43962
43098
38505
11730
11954
12883
12499
11826
11810
10770
11202
12595
11858
11858
11442
11634
11586
12082
11746
11586
12002
11458
12178
12242
11746
11266
12082
11810
11858
11330
12178
12339
11602
10274
11330
11538
11106
10466
11410
11362
11362
12307
11474
11426
12082
11714
11970
11314
37609
45915
47467
48955
45050
46699
48187
47915
47563
47467
47643
46491
47259
47947
46667
46427
46251
46187
45531
46347
45499
45451
46187
45355
45659
46107
45931
45787
45899
45707
46107
46283
45867
45707
46747
48187
47051
46971
42682
45034
10946
12098
12595
11074
11234
11554
12130
11586
11746
12611
11986
12210
11874
12098
12483
11378
12531
12515
12611
12274
13075
11346
11538
11154
11826
11522
12050
11602
12210
11490
11586
11826
11586
11938
12178
12291
11554
12226
11346
12339
11698
11298
11714
10914
10882
12675
10978
11666
11730
12114
11922
11170
11954
11954
11730
13155
10978
11858
11922
11986
11826
12066
12066
12162
12499
11986
10786
11698
11826
11362
12355
11234
11938
11378
12611
11858
11810
12162
11618
12451
12242
11650
12162
11986
37033
47931
44762
45227
45002
47467
48443
47275
46699
46811
47259
47115
46779
46395
46539
46155
45835
45995
46203
46011
46251
46571
46171
46395
46155
45899
45883
46251
46283
46283
46283
45899
46043
45915
46267
45979
45787
45499
46059
46251
45851
46299
46955
46939
44186
43114
11586
11042
11650
11730
12355
12034
12274
12194
11362
11746
12611
12563
11474
13139
11362
12034
11410
11778
12451
10706
11346
11186
10962
11650
11906
10658
12066
11570
11650
11794
12467
11202
11426
11106
11394
11794
11570
12563
12114
12226
13443
12194
12034
11810
11650
11730
11490
11362
12002
12194
12258
11522
11266
12643
11858
11410
12547
11570
12435
11202
11778
11538
10722
11186
11794
12018
11602
11682
11234
11074
12339
11506
11554
11714
11490
11986
11554
11314
11442
12130
11986
10978
11586
12162
11586
12323
11938
11538
12146
12307
11618
11298
12226
11954
11794
11314
11538
12082
11554
11506
11874
11842
11970
11890
11394
11650
11490
11794
13139
11490
11522
11394
12210
12034
11954
11186
11874
11522
11426
11586
11954
11490
11842
