12787
11794
12899
12034
12643
12210
12707
12675
12467
13155
12130
12274
12435
12483
13107
12355
12563
13331
12899
12226
12114
11906
13075
12258
12611
13187
12307
12002
12194
12355
12867
12066
12515
12643
11826
12627
12803
13843
41818
44714
39321
41114
43482
42954
43226
44490
45707
45323
46171
45451
45050
44906
44762
45067
45307
45435
45050
45883
45867
45211
44282
44074
43658
43722
43594
43450
43674
43578
44202
43658
44602
43994
44010
44010
44202
44298
45339
44938
44298
42330
35816
12082
12995
12771
12979
12307
13235
12226
12419
12371
12210
12419
12947
12595
11938
12387
12595
12515
11874
12627
12114
12419
11762
12611
12947
12691
12835
12851
12451
12435
12258
12114
12787
12483
12130
12771
12707
12178
13059
13283
12339
15027
40249
42634
43738
43658
47243
46059
46475
47371
47467
46779
46491
47307
47195
47195
47387
46619
46539
46219
46187
46363
46187
46043
45883
45995
46811
46443
46283
46907
46379
46491
45899
45883
45707
45419
44938
45195
45002
45467
45211
44970
45275
45243
45259
45018
45531
45611
45499
46651
46859
46747
45243
43818
43690
12691
11682
12002
12339
12579
11938
12675
12130
12098
12034
11874
12563
12531
11890
12307
11602
12162
12355
12210
13347
12483
12707
11730
11874
12242
12867
12979
12723
12451
12579
12595
13011
11570
12387
12979
13315
12675
12947
13267
12563
12867
11330
12499
12691
11922
11922
12130
11954
13187
12867
12258
12419
12419
12307
12002
12931
13347
12403
11810
12627
34280
34104
43706
46475
46091
47003
46219
45995
46443
46779
46107
46571
46683
47275
47707
47979
46891
46347
46363
45899
45915
45835
46315
45787
45387
45547
45419
45675
45483
45595
45611
45547
45675
45547
45723
45627
46043
46539
46011
46011
46411
45643
45979
47067
46155
45995
46251
46395
46187
46715
46379
46139
46667
46299
46123
46827
46475
46139
47003
46347
46683
47259
46891
46555
47387
46603
46395
46875
47387
48043
48427
47707
43802
46139
12611
13075
12979
11954
12291
12323
12371
12595
12114
12226
12435
12451
12979
12226
12274
13667
12194
11842
12723
12467
13315
12547
12579
12355
12739
12691
12707
12226
12018
12274
12082
12547
13027
11730
11858
12323
12274
12258
12291
12451
12707
12291
12162
12451
12274
13091
12066
12899
12050
12531
11778
12162
13267
12146
12547
11954
12531
12483
12883
11810
12307
12451
12579
12098
12371
12098
12098
12194
12162
12130
11986
12803
13235
12835
12851
11714
11698
13507
11922
12291
12771
12963
12274
12210
12579
13587
38393
44202
43674
44394
45099
47707
46395
45963
45755
45851
47627
47163
46891
46395
46795
46539
46603
46619
46395
46699
46395
46235
46427
46267
45803
45835
45867
45771
45563
45867
45723
45883
45755
45979
45643
46347
46027
45867
45723
45787
45723
45707
45675
45963
47051
46043
45979
45739
46187
45979
47451
46923
47163
48075
47691
47131
46859
43450
43226
12178
12467
12146
12515
12355
12755
12723
12819
11826
12226
12242
11746
12515
11906
12563
11810
12387
12499
12419
12194
13235
12419
11954
12643
12323
11394
12274
11986
12323
12146
12643
11938
11970
12291
11970
11954
12467
12323
12867
13571
12883
12611
12467
12114
12643
12835
13491
12066
13315
13203
12130
12963
12819
12242
11906
12371
12659
13171
12258
12002
12435
12242
12242
12643
12451
12611
12291
12819
11986
12963
12226
12323
12403
12483
12435
12595
11986
12899
12707
12274
13235
12419
12595
12515
12210
11938
12178
12515
12371
12082
12787
12547
12435
11938
14083
43626
48171
48779
44474
44858
48443
47643
47051
47435
46763
47003
46363
46107
45867
46395
46011
45963
46523
46555
46555
46635
46635
46347
46667
46043
46491
46363
46411
46011
46091
46059
45883
46299
46187
46139
46219
46283
46219
46219
46347
46251
46251
46139
46555
46187
46379
45995
46651
47691
47419
44074
