12226
12675
12563
12291
12499
12050
12419
12178
12242
12579
12226
12274
12162
12274
12242
12867
11746
11778
12307
12355
12226
12675
40521
37833
42314
41386
43498
44698
45195
45050
45018
44794
44602
44362
43802
43738
43434
43290
43722
44282
44138
44170
44698
45050
45963
46091
44826
43578
41706
40233
27670
12210
12242
11842
12226
12819
12114
12627
12531
12611
12210
12274
12563
12130
12323
12323
13267
12643
12339
12707
12627
13283
12210
12210
12611
12210
12387
12883
12258
12467
12723
12258
12114
12242
12339
12307
12323
12387
12242
12339
12387
12242
11938
11858
12194
12387
12675
39657
41866
43738
41818
43114
43450
43434
44490
44602
44522
43754
43418
43146
43066
43146
42714
43114
43034
43786
43610
43370
43162
43178
43034
43338
43178
43114
43242
43098
43690
43082
43114
43914
43354
43274
43418
43610
44122
45403
45787
44298
42074
42042
12739
12723
12579
12435
12723
12339
13107
12739
12819
12643
12819
12819
12675
12995
13459
12723
13059
13379
12643
12979
13011
13411
12931
13203
12947
13203
12995
13443
13011
13171
13283
13299
13123
13075
12979
13027
13331
14019
13107
13139
14723
12723
13027
13667
12643
40681
44522
44634
44426
43882
46267
45659
44890
45643
45835
45531
44874
44682
44074
43594
43850
43994
43818
43978
43626
43594
43530
43354
43802
43274
43690
43818
43594
43178
43306
43290
43242
43594
43754
43354
44298
44714
45707
45467
46123
46251
44346
43914
43066
12771
13091
13299
12931
12803
12739
13027
13139
13155
13139
13331
13155
13107
13459
12675
12771
12739
12723
12483
13331
13347
13283
12547
12803
12723
12883
12931
12883
13587
13075
13235
13075
13187
13091
13235
10050
41738
45483
45531
45002
45034
45099
43114
43546
45803
46427
45899
46811
47275
46763
47163
46379
46507
46107
46059
46155
47003
46315
45979
46235
46395
45883
46011
46347
46107
46411
46363
46395
46459
46155
46731
46731
47179
47291
46379
44458
43018
41562
43434
13123
12595
12723
12979
13235
12947
12979
12851
13075
12819
12467
13331
12835
12787
12563
12579
13139
12723
12451
12258
12995
12963
13651
12771
12226
12723
12210
12435
12835
12162
13507
12339
11970
12771
12178
12242
12515
12467
12258
12483
12867
12066
11858
12018
12515
12194
12435
12387
12339
12034
30343
40873
44490
41770
43562
43834
44762
45467
45611
46667
45883
45979
46427
45515
45419
45611
45195
44762
44762
44746
44954
44730
44682
44826
44682
44826
44538
44714
44762
44522
44778
44890
45067
45018
45419
45963
42650
41274
43018
11554
12274
12194
11666
11842
12515
11586
11874
12595
12691
12274
12787
12707
12723
11874
12082
12339
12371
12162
11938
13395
11794
12194
11746
11906
12162
12226
11826
12499
12050
11922
12162
11858
12371
12098
11906
12419
12258
12291
12291
12130
12483
11778
11986
11794
12291
12675
12258
11778
12451
12258
12451
12323
12739
12210
12258
13027
12291
12242
11714
12162
12643
11922
12291
12258
12178
12114
12291
12563
12098
12371
12803
12563
12723
12771
12931
11570
11906
13315
12226
12867
12387
12483
12611
12258
12114
13139
11986
12835
12467
12082
12307
19108
48507
41290
43946
45227
44778
43978
43418
42586
45931
45211
44234
44202
44362
44282
44010
43914
43338
43562
44122
43098
43466
43498
43178
43610
43594
44058
43802
43530
44186
44170
