35928
36072
36392
36472
36104
36056
36024
36040
35720
36120
36008
35976
36136
36056
35752
36088
36056
36024
36056
36008
35944
36072
36088
36040
35976
35992
35976
36088
36088
36008
36024
36088
35928
36184
36136
36104
36136
36024
45675
43978
46011
45259
46155
46011
46139
46187
46699
46219
46443
46747
46827
46475
46555
46043
46123
46747
46315
46523
46043
46075
46235
45547
45259
45131
45179
45018
45163
44634
44458
45163
44634
44490
45515
45291
45643
46139
45403
45163
45419
45387
45387
49067
45755
45275
43994
39001
35912
36184
35864
36184
36104
36024
36040
36136
35928
36152
36024
36024
36040
36056
36072
36024
36120
35976
35480
31911
38425
41818
45387
48491
49228
47147
47339
47435
47163
46491
46475
46939
47243
46827
46667
46411
46779
46795
46987
46747
46747
47131
46827
46667
46843
46859
46795
46779
46827
46619
46347
46923
46651
46891
46779
46267
46427
46827
46267
46651
46347
46491
46459
46171
46395
45803
45323
45755
45435
45227
45659
45355
45307
45739
45531
45339
45547
45387
45339
45739
45339
44842
45291
45275
45243
45323
45371
45371
45259
46219
46059
48571
43850
32135
36152
36120
36120
36104
36504
36008
36136
36328
36008
36040
35992
36280
36184
35800
36184
36120
36072
36104
36136
36136
36088
43850
48459
46123
46747
45499
46507
46123
45002
45083
44682
44618
44714
44682
44298
44586
44698
44474
44218
44202
44042
44266
44330
44058
44330
44250
44170
44266
44218
44122
44346
44170
44634
45002
45483
46171
43530
36056
35976
36104
35992
36088
36360
36056
36040
36120
35992
35944
36168
36184
35928
36136
36200
35928
36136
36072
45034
40841
48651
49596
49228
46427
46299
47515
47435
46747
46363
46155
45899
46171
46555
46363
46027
46027
45883
45755
45739
45323
45307
45387
45115
45659
45915
45387
45867
45739
45771
45451
45595
45403
46027
48235
46427
40409
36072
35864
36136
36232
35800
36072
36072
36072
36152
35976
35512
35992
36040
35848
36072
36120
35896
35976
36088
35976
36168
36040
36120
36104
36008
36008
36488
36120
36040
36504
36056
35992
36520
36104
35992
36072
35992
36072
36472
36136
35976
36360
36072
36008
36328
36040
36136
36424
36168
36104
36024
36360
36152
36056
36072
36232
36232
35768
36104
36120
35816
35992
36136
35880
35992
36056
35928
36072
35944
36024
36056
36072
35928
36584
35992
35944
36040
35912
36168
36040
36232
35976
36488
36264
36120
36328
36152
36008
35992
36040
36120
46987
43418
47595
46235
46059
46347
46491
46155
45899
45659
45387
45467
45211
45467
45339
45275
45002
44970
44954
44954
45083
45083
45419
44970
44890
45387
45643
45355
44570
32808
35912
36360
36088
35944
35800
36104
36248
35816
36056
35992
36120
36136
35976
35928
36152
36104
35976
36168
36008
34440
45835
43210
46187
48939
49468
47627
48155
47851
47387
47579
47419
47403
47499
47547
47467
47595
47179
47451
47579
47499
47707
46027
47179
47131
47051
47019
47019
47243
47019
47259
47131
47275
46939
47243
47067
47227
47211
47259
46955
47163
47243
47131
47291
47195
46955
47275
48267
47419
46187
42042
36104
35976
36184
35960
36104
36104
36040
35992
36152
36104
36440
36152
36008
36120
36008
36072
36520
36120
35992
35992
36104
36120
36040
36184
36104
35928
36120
36024
36040
35976
36136
36152
36200
36424
36136
36168
36312
36040
35928
35816
36072
36024
35864
36152
35992
36248
36056
36136
35912
36008
36024
35896
36184
36040
36040
36488
36120
35944
36488
36248
36312
36296
36104
35944
36136
36104
36072
36200
36184
36136
35992
36088
36040
36040
36104
36200
35880
36152
36040
36072
36120
36056
35944
36808
36072
35976
36504
36088
36152
36440
36152
36056
36232
36072
36184
35960
36008
36008
36056
36120
36232
36008
36680
36152
36392
36152
36136
36008
36520
36104
36088
35912
36424
36040
35944
