13011
12803
12675
13267
13011
13059
13043
12771
13011
13635
12883
13651
13283
13283
13075
13091
13731
13011
12675
13043
13235
13155
13283
13411
11810
35944
43562
43018
42714
43818
44362
43082
43338
43370
42858
42634
42938
41882
41834
41610
41754
41530
41514
41578
41546
42138
43210
44394
44266
42138
41562
42890
23525
12563
13331
13763
13651
13459
13187
13587
13219
13699
13507
13235
12963
12675
12995
13587
13379
13219
13203
13523
13875
13203
12947
12931
13155
13731
13683
13187
13475
13667
12883
13267
13027
13011
13059
13107
13091
13347
14211
13843
38809
42954
44954
44602
43162
45211
46475
45291
44778
44906
45259
45002
44762
44314
43834
43754
43610
43578
43306
43466
43450
43226
43274
43482
43210
43450
42922
43482
43402
42954
43034
43242
43274
43258
43210
43050
43370
44618
44074
45499
47067
46011
41962
41562
40665
23733
12899
12867
12499
12323
12803
12499
12451
12611
12387
12595
12755
12771
12867
12146
12323
12274
12419
12547
12467
12883
12066
12066
12178
11682
12114
12643
12210
13027
11794
11986
12130
12435
12226
11778
12451
12210
12451
12242
10706
41114
43018
44954
43818
45018
44954
45243
42842
42250
42138
42250
42026
41450
41130
41562
41002
41258
41130
41050
41242
41018
40970
41050
41242
41258
41802
41290
41066
41194
41754
41178
41354
40970
41018
41130
41194
41162
41450
41834
42122
42314
43290
43338
43850
44842
41834
42314
43162
13395
12066
12194
12435
12627
12899
12371
11858
13331
12435
12995
12467
13347
12098
12307
12162
12627
13219
12082
12114
12451
12258
12803
12130
12707
12194
12146
12098
41802
42570
43962
44266
41786
43306
44170
41898
40361
40217
40761
42650
42954
42074
42394
41898
41466
41082
41162
41354
40905
40489
40601
40265
40489
40921
40617
41178
40937
40697
40361
41258
40617
40761
41258
42058
42586
43738
43850
41018
41178
42858
12034
12515
11986
12691
12563
12226
12675
12755
12210
12355
12371
12226
12563
12547
12194
13011
12867
12723
12803
12002
12611
12867
12611
12226
12242
12226
12178
12034
12307
12210
12307
12755
12883
12643
12835
12371
12515
12755
13363
12707
12274
10402
44298
45067
46027
43882
44474
43930
44394
42666
43482
42522
42218
41738
41642
41434
42026
41610
41674
41226
41418
42042
41610
41626
42170
41770
41770
41962
41514
41674
41690
41626
41738
41626
42442
42538
42714
43162
43194
44090
43866
40073
40473
38217
9858
12435
11970
12531
12018
12194
12419
11810
13219
12371
12162
12707
12435
12114
12499
12387
12563
13011
12323
12803
12499
12307
12467
12210
12291
12963
13299
12579
12579
12563
12371
12194
12963
13091
12611
13011
12419
12435
12515
12451
12595
13251
13091
12995
12659
12899
12435
46187
45259
46539
46619
43642
43882
44586
44218
43722
43498
42874
42474
42218
42266
42330
42266
41738
41738
42090
42106
42202
41898
42586
42074
41898
42138
41994
42442
43242
42682
39529
37849
9954
12979
12707
13139
12707
12883
13235
13283
12963
12643
12707
12931
12755
12675
13507
12707
12947
12931
13107
13203
12707
12851
13379
12851
12947
12803
12291
13027
12819
13059
13155
13587
13235
13587
12947
13091
12835
18676
45243
44362
44858
44506
45083
45499
45050
44170
44634
44250
43450
42650
42330
42922
42554
43082
42970
43562
43082
46427
43370
43066
43354
43530
43466
43626
43722
43626
43482
43674
44298
44362
44426
44586
44890
41642
37657
8514
13347
13699
14179
13155
13139
12723
13187
12867
13219
12995
13283
13635
13475
13491
14531
13811
13619
13155
14659
12931
13235
13747
12995
13251
13139
13251
12819
13091
13203
13187
13123
13571
13235
12931
13603
13123
13267
13523
13475
13587
13491
12979
13155
13523
13475
13187
13027
13971
13091
13507
13075
14115
13571
13267
13315
43290
45083
45115
45787
44122
43850
44954
46651
46619
45115
45147
