12435
13619
12114
13347
12739
13235
12291
12371
13587
13379
12515
11938
12371
12387
12403
12947
12483
12371
12979
12339
12755
12210
12339
12499
12851
12675
18468
45451
46267
46107
44218
43066
43738
43434
44698
44762
46043
46283
46539
45371
45739
45467
45531
46171
45131
45067
44730
45227
45050
45323
45259
44762
44954
45339
44506
44474
45307
44890
45227
45611
45067
45147
46219
45579
45563
46987
44618
43114
44218
16035
12723
12162
12867
12579
12291
12883
13203
11794
12771
13027
12499
12579
12226
12274
12323
13187
12899
12819
12627
12355
12339
13027
11970
12291
12995
12162
12835
13475
12563
12291
12867
12371
12675
12291
12323
12018
12178
12403
13075
12723
36520
41962
43178
51228
46251
44890
45211
44730
44490
44266
43626
44010
44362
43210
43594
43434
43338
43466
43706
43610
43690
43434
43802
43834
43514
43962
43674
43546
44378
44826
45915
43546
43610
11938
12995
11778
12114
12579
11858
11682
11842
12803
12899
13187
12291
12723
12323
12451
12210
12739
12963
12643
12899
12851
11538
11986
12691
12579
12451
12643
12291
13011
12274
12947
12707
12563
13059
35704
40297
45931
44170
47739
47819
46475
47115
46939
46427
46491
46811
46027
46139
46315
46331
46539
46411
46427
46443
46747
46635
46475
46763
46939
46555
47403
46619
46747
47243
46955
46683
47275
47259
47819
45851
43562
12579
12563
13059
12387
12307
12675
12307
12291
12755
12595
11826
12803
13059
12547
12739
12066
12419
12242
12178
12579
12291
13075
12435
12499
12659
12066
12755
11698
12947
12691
12739
12130
12867
12883
13587
12242
12274
13107
12242
12691
12130
12467
12899
12707
12627
12595
12691
12082
12771
13331
12707
11746
12274
12515
12355
12611
12082
12162
12451
12835
12547
12691
12435
13027
12947
12579
35080
44698
47179
46011
45739
47163
49820
48619
48299
48747
47515
47947
48283
46971
46667
47531
46827
46891
46571
46315
46091
46155
45803
45707
45579
46027
45691
45787
45931
46059
45867
45723
45963
45851
45931
45627
45723
45979
46091
46555
48139
47211
42810
41690
12691
12531
11986
12627
12691
13523
12675
12723
12803
13315
12531
12611
12435
12771
12194
13331
12419
12851
12755
12803
12867
12995
12771
12899
12339
12723
12419
12675
12755
13475
12419
12611
13699
12467
11682
12210
13219
12242
12947
13107
13235
12467
13043
13923
12803
11826
12739
12643
12467
12883
12739
12627
12323
12995
34888
47755
44074
45339
45899
46491
46123
46235
47579
46603
46123
46683
45995
45835
46555
45403
45323
44890
45275
45115
45034
45147
45387
45243
45018
45547
44842
45147
45259
44874
45915
46267
47131
44330
44810
11922
12419
12114
12499
12931
11922
12274
12739
12242
12355
12323
13059
12691
12627
12771
12851
12194
12595
11586
12563
12579
12499
12867
12050
12339
12947
13091
12162
12963
12995
12771
12258
12819
12851
12739
12291
12643
11954
12675
12963
13027
12274
13027
12210
12098
12787
12355
12291
12723
12499
12178
13267
12034
12739
12050
12627
11442
12643
12643
12258
12242
12819
13379
11586
12515
13011
12691
13011
13027
12162
12819
12371
13619
12114
12707
12467
12355
11970
12178
12371
12995
12339
12323
12178
13571
44058
48923
43434
46283
45995
43914
45931
47435
45291
45995
47307
46347
47323
47035
46555
46475
45851
45643
45595
45627
45483
45483
45483
45403
45755
45259
45643
45339
45547
46155
45531
45803
47195
48475
48299
45515
45067
26758
13091
12210
13235
12371
12451
12178
12675
12371
11906
12242
12611
12579
12643
12675
11666
12483
12130
12226
12771
12242
12499
13203
12194
12194
13011
12242
12419
12291
12307
13267
12034
11666
13315
12675
12595
12771
11826
12226
12499
13283
12755
11826
12339
13187
12851
12819
12098
12178
12771
12675
12515
12515
13091
11954
12114
12323
13459
13411
13411
13139
12963
12931
12979
12274
